0 0.7071068 0.7071068 0 0 0 9.999999 -5.960464E-07 1 ./train/i_0
1 0.704416 0.704416 0.06162845 -0.06162845 -1.035024E-07 9.999999 -5.869912E-07 1 ./train/i_1
2 0.6963642 0.6963642 0.1227879 -0.1227879 -2.038599E-07 9.999999 -5.601005E-07 1 ./train/i_2
3 0.6830127 0.6830127 0.1830128 -0.1830128 -2.980232E-07 9.999999 -5.161914E-07 1 ./train/i_3
4 0.664463 0.664463 0.2418449 -0.2418449 -3.831313E-07 9.999999 -4.565981E-07 1 ./train/i_4
5 0.6408563 0.6408563 0.2988364 -0.2988364 -4.565981E-07 9.999999 -3.831313E-07 1 ./train/i_5
6 0.6123723 0.6123723 0.3535535 -0.3535535 -5.161913E-07 9.999999 -2.980233E-07 1 ./train/i_6
7 0.5792279 0.5792279 0.40558 -0.40558 -5.601004E-07 9.999999 -2.038599E-07 1 ./train/i_7
8 0.5416751 0.5416751 0.4545197 -0.4545197 -5.869912E-07 9.999999 -1.035024E-07 1 ./train/i_8
9 0.4999998 0.4999998 0.5000002 -0.5000002 -5.960464E-07 9.999999 -3.236548E-14 1 ./train/i_9
10 0.4545193 0.4545193 0.5416754 -0.5416754 -5.869912E-07 9.999999 1.035024E-07 1 ./train/i_10
11 0.4055796 0.4055796 0.5792281 -0.5792281 -5.601005E-07 9.999999 2.038599E-07 1 ./train/i_11
12 0.3535531 0.3535531 0.6123726 -0.6123726 -5.161914E-07 9.999999 2.980232E-07 1 ./train/i_12
13 0.2988359 0.2988359 0.6408565 -0.6408565 -4.565981E-07 9.999999 3.831312E-07 1 ./train/i_13
14 0.2418444 0.2418444 0.6644632 -0.6644632 -3.831313E-07 9.999999 4.56598E-07 1 ./train/i_14
15 0.1830123 0.1830123 0.6830128 -0.6830128 -2.980233E-07 9.999999 5.161913E-07 1 ./train/i_15
16 0.1227874 0.1227874 0.6963643 -0.6963643 -2.038599E-07 9.999999 5.601004E-07 1 ./train/i_16
17 0.06162799 0.06162799 0.704416 -0.704416 -1.035024E-07 9.999999 5.869912E-07 1 ./train/i_17
18 -4.507602E-07 -4.507602E-07 0.7071068 -0.7071068 -3.236548E-14 9.999999 5.960464E-07 1 ./train/i_18
19 -0.0616289 -0.0616289 0.704416 -0.704416 1.035024E-07 9.999999 5.869912E-07 1 ./train/i_19
20 -0.1227883 -0.1227883 0.6963642 -0.6963642 2.038599E-07 9.999999 5.601005E-07 1 ./train/i_20
21 -0.1830132 -0.1830132 0.6830125 -0.6830125 2.980232E-07 9.999999 5.161914E-07 1 ./train/i_21
22 -0.2418453 -0.2418453 0.6644628 -0.6644628 3.831312E-07 9.999999 4.565981E-07 1 ./train/i_22
23 -0.2988368 -0.2988368 0.6408561 -0.6408561 4.56598E-07 9.999999 3.831313E-07 1 ./train/i_23
24 -0.353554 -0.353554 0.6123721 -0.6123721 5.161913E-07 9.999999 2.980233E-07 1 ./train/i_24
25 -0.4055804 -0.4055804 0.5792276 -0.5792276 5.601004E-07 9.999999 2.038599E-07 1 ./train/i_25
26 -0.45452 -0.45452 0.5416748 -0.5416748 5.869912E-07 9.999999 1.035024E-07 1 ./train/i_26
27 -0.5000005 -0.5000005 0.4999995 -0.4999995 5.960464E-07 9.999999 3.236548E-14 1 ./train/i_27
28 -0.5416757 -0.5416757 0.4545189 -0.4545189 5.869912E-07 9.999999 -1.035024E-07 1 ./train/i_28
29 -0.5792285 -0.5792285 0.4055791 -0.4055791 5.601005E-07 9.999999 -2.038599E-07 1 ./train/i_29
30 -0.6123729 -0.6123729 0.3535526 -0.3535526 5.161914E-07 9.999999 -2.980232E-07 1 ./train/i_30
31 -0.6408568 -0.6408568 0.2988354 -0.2988354 4.565981E-07 9.999999 -3.831312E-07 1 ./train/i_31
32 -0.6644633 -0.6644633 0.2418439 -0.2418439 3.831313E-07 9.999999 -4.56598E-07 1 ./train/i_32
33 -0.683013 -0.683013 0.1830118 -0.1830118 2.980233E-07 9.999999 -5.161913E-07 1 ./train/i_33
34 -0.6963644 -0.6963644 0.1227868 -0.1227868 2.038599E-07 9.999999 -5.601004E-07 1 ./train/i_34
35 -0.7044161 -0.7044161 0.0616274 -0.0616274 1.035024E-07 9.999999 -5.869912E-07 1 ./train/i_35
10 -0.7372773 -0.6755902 -1.095356E-06 1.003708E-06 -2.589705E-06 9.961946 -0.871558 1 ./train/i_36
11 -0.7344716 -0.6730193 -0.06425907 0.05888259 -0.151347 9.961946 -0.8583167 1 ./train/i_37
12 -0.7260761 -0.6653264 -0.128028 0.1173161 -0.2980928 9.961946 -0.8189958 1 ./train/i_38
13 -0.7121548 -0.6525699 -0.1908226 0.1748567 -0.4357813 9.961946 -0.7547901 1 ./train/i_39
14 -0.6928135 -0.6348469 -0.2521648 0.2310666 -0.5602287 9.961946 -0.6676505 1 ./train/i_40
15 -0.6681995 -0.6122923 -0.311588 0.2855178 -0.6676539 9.961946 -0.5602247 1 ./train/i_41
16 -0.6385001 -0.5850778 -0.3686397 0.3377962 -0.7547927 9.961946 -0.4357768 1 ./train/i_42
17 -0.6039413 -0.5534105 -0.422886 0.3875037 -0.8189976 9.961946 -0.298088 1 ./train/i_43
18 -0.5647862 -0.5175315 -0.4739138 0.434262 -0.8583176 9.961946 -0.1513419 1 ./train/i_44
19 -0.5213327 -0.4777137 -0.5213348 0.4777154 -0.871558 9.961946 2.603333E-06 1 ./train/i_45
20 -0.4739115 -0.4342602 -0.5647881 0.5175331 -0.8583167 9.961946 0.151347 1 ./train/i_46
21 -0.4228835 -0.3875017 -0.603943 0.553412 -0.8189958 9.961946 0.2980928 1 ./train/i_47
22 -0.3686372 -0.337794 -0.6385016 0.5850791 -0.7547901 9.961946 0.4357813 1 ./train/i_48
23 -0.3115853 -0.2855156 -0.6682008 0.6122934 -0.6676505 9.961946 0.5602287 1 ./train/i_49
24 -0.2521621 -0.2310642 -0.6928145 0.6348478 -0.5602247 9.961946 0.6676539 1 ./train/i_50
25 -0.1908197 -0.1748543 -0.7121555 0.6525706 -0.4357768 9.961946 0.7547927 1 ./train/i_51
26 -0.1280251 -0.1173136 -0.7260766 0.6653269 -0.298088 9.961946 0.8189976 1 ./train/i_52
27 -0.06425618 -0.05888011 -0.7344717 0.6730197 -0.1513419 9.961946 0.8583176 1 ./train/i_53
28 1.79559E-06 1.501292E-06 -0.7372771 0.6755904 2.603333E-06 9.961946 0.871558 1 ./train/i_54
29 0.06425976 0.05888311 -0.7344714 0.6730195 0.151347 9.961946 0.8583167 1 ./train/i_55
30 0.1280287 0.1173166 -0.7260758 0.6653265 0.2980928 9.961946 0.8189958 1 ./train/i_56
31 0.1908232 0.1748572 -0.7121544 0.6525699 0.4357813 9.961946 0.7547901 1 ./train/i_57
32 0.2521654 0.2310671 -0.6928131 0.6348469 0.5602287 9.961946 0.6676505 1 ./train/i_58
33 0.3115886 0.2855184 -0.6681991 0.6122922 0.6676539 9.961946 0.5602247 1 ./train/i_59
34 0.3686403 0.3377967 -0.6384996 0.5850777 0.7547927 9.961946 0.4357768 1 ./train/i_60
35 0.4228864 0.3875042 -0.6039408 0.5534104 0.8189976 9.961946 0.298088 1 ./train/i_61
36 0.4739141 0.4342626 -0.5647857 0.5175312 0.8583176 9.961946 0.1513419 1 ./train/i_62
37 0.5213351 0.4777159 -0.5213321 0.4777133 0.871558 9.961946 -2.603333E-06 1 ./train/i_63
38 0.5647884 0.5175335 -0.4739109 0.4342598 0.8583167 9.961946 -0.151347 1 ./train/i_64
39 0.6039433 0.5534124 -0.4228829 0.3875013 0.8189958 9.961946 -0.2980928 1 ./train/i_65
40 0.6385018 0.5850795 -0.3686366 0.3377936 0.7547901 9.961946 -0.4357813 1 ./train/i_66
41 0.6682009 0.6122937 -0.3115847 0.2855152 0.6676505 9.961946 -0.5602287 1 ./train/i_67
42 0.6928146 0.6348481 -0.2521614 0.2310638 0.5602247 9.961946 -0.6676539 1 ./train/i_68
43 0.7121555 0.6525708 -0.1908191 0.1748538 0.4357768 9.961946 -0.7547927 1 ./train/i_69
44 0.7260765 0.6653271 -0.1280245 0.1173131 0.298088 9.961946 -0.8189976 1 ./train/i_70
45 0.7344716 0.6730199 -0.06425556 0.05887963 0.1513419 9.961946 -0.8583176 1 ./train/i_71
20 0.766044 0.6427881 2.491507E-06 -1.893605E-06 -7.976108E-06 9.848076 -1.736482 1 ./train/i_72
21 0.7631288 0.6403419 0.06676766 -0.05602458 -0.3015448 9.848076 -1.7101 1 ./train/i_73
22 0.7544057 0.6330223 0.1330247 -0.1116209 -0.5939194 9.848076 -1.631757 1 ./train/i_74
23 0.7399411 0.620885 0.1982693 -0.1663677 -0.868248 9.848076 -1.503834 1 ./train/i_75
24 0.7198451 0.6040224 0.262005 -0.2198483 -1.116195 9.848076 -1.330217 1 ./train/i0 0.7071068 0.7071068 0 0 0 9.999999 -5.960464E-07 1 ./train/i_0
1 0.704416 0.704416 0.06162845 -0.06162845 -1.035024E-07 9.999999 -5.869912E-07 1 ./train/i_1
2 0.6963642 0.6963642 0.1227879 -0.1227879 -2.038599E-07 9.999999 -5.601005E-07 1 ./train/i_2
3 0.6830127 0.6830127 0.1830128 -0.1830128 -2.980232E-07 9.999999 -5.161914E-07 1 ./train/i_3
4 0.664463 0.664463 0.2418449 -0.2418449 -3.831313E-07 9.999999 -4.565981E-07 1 ./train/i_4
5 0.6408563 0.6408563 0.2988364 -0.2988364 -4.565981E-07 9.999999 -3.831313E-07 1 ./train/i_5
6 0.6123723 0.6123723 0.3535535 -0.3535535 -5.161913E-07 9.999999 -2.980233E-07 1 ./train/i_6
7 0.5792279 0.5792279 0.40558 -0.40558 -5.601004E-07 9.999999 -2.038599E-07 1 ./train/i_7
8 0.5416751 0.5416751 0.4545197 -0.4545197 -5.869912E-07 9.999999 -1.035024E-07 1 ./train/i_8
9 0.4999998 0.4999998 0.5000002 -0.5000002 -5.960464E-07 9.999999 -3.236548E-14 1 ./train/i_9
10 0.4545193 0.4545193 0.5416754 -0.5416754 -5.869912E-07 9.999999 1.035024E-07 1 ./train/i_10
11 0.4055796 0.4055796 0.5792281 -0.5792281 -5.601005E-07 9.999999 2.038599E-07 1 ./train/i_11
12 0.3535531 0.3535531 0.6123726 -0.6123726 -5.161914E-07 9.999999 2.980232E-07 1 ./train/i_12
13 0.2988359 0.2988359 0.6408565 -0.6408565 -4.565981E-07 9.999999 3.831312E-07 1 ./train/i_13
14 0.2418444 0.2418444 0.6644632 -0.6644632 -3.831313E-07 9.999999 4.56598E-07 1 ./train/i_14
15 0.1830123 0.1830123 0.6830128 -0.6830128 -2.980233E-07 9.999999 5.161913E-07 1 ./train/i_15
16 0.1227874 0.1227874 0.6963643 -0.6963643 -2.038599E-07 9.999999 5.601004E-07 1 ./train/i_16
17 0.06162799 0.06162799 0.704416 -0.704416 -1.035024E-07 9.999999 5.869912E-07 1 ./train/i_17
18 -4.507602E-07 -4.507602E-07 0.7071068 -0.7071068 -3.236548E-14 9.999999 5.960464E-07 1 ./train/i_18
19 -0.0616289 -0.0616289 0.704416 -0.704416 1.035024E-07 9.999999 5.869912E-07 1 ./train/i_19
20 -0.1227883 -0.1227883 0.6963642 -0.6963642 2.038599E-07 9.999999 5.601005E-07 1 ./train/i_20
21 -0.1830132 -0.1830132 0.6830125 -0.6830125 2.980232E-07 9.999999 5.161914E-07 1 ./train/i_21
22 -0.2418453 -0.2418453 0.6644628 -0.6644628 3.831312E-07 9.999999 4.565981E-07 1 ./train/i_22
23 -0.2988368 -0.2988368 0.6408561 -0.6408561 4.56598E-07 9.999999 3.831313E-07 1 ./train/i_23
24 -0.353554 -0.353554 0.6123721 -0.6123721 5.161913E-07 9.999999 2.980233E-07 1 ./train/i_24
25 -0.4055804 -0.4055804 0.5792276 -0.5792276 5.601004E-07 9.999999 2.038599E-07 1 ./train/i_25
26 -0.45452 -0.45452 0.5416748 -0.5416748 5.869912E-07 9.999999 1.035024E-07 1 ./train/i_26
27 -0.5000005 -0.5000005 0.4999995 -0.4999995 5.960464E-07 9.999999 3.236548E-14 1 ./train/i_27
28 -0.5416757 -0.5416757 0.4545189 -0.4545189 5.869912E-07 9.999999 -1.035024E-07 1 ./train/i_28
29 -0.5792285 -0.5792285 0.4055791 -0.4055791 5.601005E-07 9.999999 -2.038599E-07 1 ./train/i_29
30 -0.6123729 -0.6123729 0.3535526 -0.3535526 5.161914E-07 9.999999 -2.980232E-07 1 ./train/i_30
31 -0.6408568 -0.6408568 0.2988354 -0.2988354 4.565981E-07 9.999999 -3.831312E-07 1 ./train/i_31
32 -0.6644633 -0.6644633 0.2418439 -0.2418439 3.831313E-07 9.999999 -4.56598E-07 1 ./train/i_32
33 -0.683013 -0.683013 0.1830118 -0.1830118 2.980233E-07 9.999999 -5.161913E-07 1 ./train/i_33
34 -0.6963644 -0.6963644 0.1227868 -0.1227868 2.038599E-07 9.999999 -5.601004E-07 1 ./train/i_34
35 -0.7044161 -0.7044161 0.0616274 -0.0616274 1.035024E-07 9.999999 -5.869912E-07 1 ./train/i_35
10 -0.7372773 -0.6755902 -1.095356E-06 1.003708E-06 -2.589705E-06 9.961946 -0.871558 1 ./train/i_36
11 -0.7344716 -0.6730193 -0.06425907 0.05888259 -0.151347 9.961946 -0.8583167 1 ./train/i_37
12 -0.7260761 -0.6653264 -0.128028 0.1173161 -0.2980928 9.961946 -0.8189958 1 ./train/i_38
13 -0.7121548 -0.6525699 -0.1908226 0.1748567 -0.4357813 9.961946 -0.7547901 1 ./train/i_39
14 -0.6928135 -0.6348469 -0.2521648 0.2310666 -0.5602287 9.961946 -0.6676505 1 ./train/i_40
15 -0.6681995 -0.6122923 -0.311588 0.2855178 -0.6676539 9.961946 -0.5602247 1 ./train/i_41
16 -0.6385001 -0.5850778 -0.3686397 0.3377962 -0.7547927 9.961946 -0.4357768 1 ./train/i_42
17 -0.6039413 -0.5534105 -0.422886 0.3875037 -0.8189976 9.961946 -0.298088 1 ./train/i_43
18 -0.5647862 -0.5175315 -0.4739138 0.434262 -0.8583176 9.961946 -0.1513419 1 ./train/i_44
19 -0.5213327 -0.4777137 -0.5213348 0.4777154 -0.871558 9.961946 2.603333E-06 1 ./train/i_45
20 -0.4739115 -0.4342602 -0.5647881 0.5175331 -0.8583167 9.961946 0.151347 1 ./train/i_46
21 -0.4228835 -0.3875017 -0.603943 0.553412 -0.8189958 9.961946 0.2980928 1 ./train/i_47
22 -0.3686372 -0.337794 -0.6385016 0.5850791 -0.7547901 9.961946 0.4357813 1 ./train/i_48
23 -0.3115853 -0.2855156 -0.6682008 0.6122934 -0.6676505 9.961946 0.5602287 1 ./train/i_49
24 -0.2521621 -0.2310642 -0.6928145 0.6348478 -0.5602247 9.961946 0.6676539 1 ./train/i_50
25 -0.1908197 -0.1748543 -0.7121555 0.6525706 -0.4357768 9.961946 0.7547927 1 ./train/i_51
26 -0.1280251 -0.1173136 -0.7260766 0.6653269 -0.298088 9.961946 0.8189976 1 ./train/i_52
27 -0.06425618 -0.05888011 -0.7344717 0.6730197 -0.1513419 9.961946 0.8583176 1 ./train/i_53
28 1.79559E-06 1.501292E-06 -0.7372771 0.6755904 2.603333E-06 9.961946 0.871558 1 ./train/i_54
29 0.06425976 0.05888311 -0.7344714 0.6730195 0.151347 9.961946 0.8583167 1 ./train/i_55
30 0.1280287 0.1173166 -0.7260758 0.6653265 0.2980928 9.961946 0.8189958 1 ./train/i_56
31 0.1908232 0.1748572 -0.7121544 0.6525699 0.4357813 9.961946 0.7547901 1 ./train/i_57
32 0.2521654 0.2310671 -0.6928131 0.6348469 0.5602287 9.961946 0.6676505 1 ./train/i_58
33 0.3115886 0.2855184 -0.6681991 0.6122922 0.6676539 9.961946 0.5602247 1 ./train/i_59
34 0.3686403 0.3377967 -0.6384996 0.5850777 0.7547927 9.961946 0.4357768 1 ./train/i_60
35 0.4228864 0.3875042 -0.6039408 0.5534104 0.8189976 9.961946 0.298088 1 ./train/i_61
36 0.4739141 0.4342626 -0.5647857 0.5175312 0.8583176 9.961946 0.1513419 1 ./train/i_62
37 0.5213351 0.4777159 -0.5213321 0.4777133 0.871558 9.961946 -2.603333E-06 1 ./train/i_63
38 0.5647884 0.5175335 -0.4739109 0.4342598 0.8583167 9.961946 -0.151347 1 ./train/i_64
39 0.6039433 0.5534124 -0.4228829 0.3875013 0.8189958 9.961946 -0.2980928 1 ./train/i_65
40 0.6385018 0.5850795 -0.3686366 0.3377936 0.7547901 9.961946 -0.4357813 1 ./train/i_66
41 0.6682009 0.6122937 -0.3115847 0.2855152 0.6676505 9.961946 -0.5602287 1 ./train/i_67
42 0.6928146 0.6348481 -0.2521614 0.2310638 0.5602247 9.961946 -0.6676539 1 ./train/i_68
43 0.7121555 0.6525708 -0.1908191 0.1748538 0.4357768 9.961946 -0.7547927 1 ./train/i_69
44 0.7260765 0.6653271 -0.1280245 0.1173131 0.298088 9.961946 -0.8189976 1 ./train/i_70
45 0.7344716 0.6730199 -0.06425556 0.05887963 0.1513419 9.961946 -0.8583176 1 ./train/i_71
20 0.766044 0.6427881 2.491507E-06 -1.893605E-06 -7.976108E-06 9.848076 -1.736482 1 ./train/i_72
21 0.7631288 0.6403419 0.06676766 -0.05602458 -0.3015448 9.848076 -1.7101 1 ./train/i_73
22 0.7544057 0.6330223 0.1330247 -0.1116209 -0.5939194 9.848076 -1.631757 1 ./train/i_74
23 0.7399411 0.620885 0.1982693 -0.1663677 -0.868248 9.848076 -1.503834 1 ./train/i_75
24 0.7198451 0.6040224 0.262005 -0.2198483 -1.116195 9.848076 -1.330217 1 ./train/i_76
25 0.6942706 0.5825629 0.3237467 -0.2716558 -1.330228 9.848076 -1.116183 1 ./train/i_77
26 0.6634123 0.5566697 0.3830244 -0.3213958 -1.503842 9.848076 -0.8682342 1 ./train/i_78
27 0.627505 0.5265399 0.4393871 -0.3686898 -1.631762 9.848076 -0.5939044 1 ./train/i_79
28 0.586822 0.4924028 0.4924058 -0.4131778 -1.710103 9.848076 -0.3015291 1 ./train/i_80
29 0.541673 0.4545182 0.541677 -0.4545213 -1.736482 9.848076 8.019261E-06 1 ./train/i_81
30 0.4924015 0.4131745 0.5868257 -0.4924056 -1.7101 9.848076 0.3015449 1 ./train/i_82
31 0.4393825 0.3686863 0.6275083 -0.5265424 -1.631757 9.848076 0.5939195 1 ./train/i_83
32 0.3830195 0.3213921 0.6634151 -0.5566719 -1.503834 9.848076 0.8682481 1 ./train/i_84
33 0.3237415 0.2716519 0.694273 -0.5825648 -1.330217 9.848076 1.116195 1 ./train/i_85
34 0.2619997 0.2198443 0.719847 -0.604024 -1.116183 9.848076 1.330228 1 ./train/i_86
35 0.1982639 0.1663635 0.7399426 -0.6208862 -0.8682341 9.848076 1.503842 1 ./train/i_87
36 0.1330191 0.1116166 0.7544067 -0.6330231 -0.5939043 9.848076 1.631762 1 ./train/i_88
37 0.06676205 0.05602026 0.7631294 -0.6403422 -0.301529 9.848076 1.710103 1 ./train/i_89
38 -3.136695E-06 -2.440065E-06 0.7660441 -0.6427881 8.07796E-06 9.848076 1.736482 1 ./train/i_90
39 -0.0667683 -0.05602513 0.7631288 -0.6403418 0.3015449 9.848076 1.7101 1 ./train/i_91
40 -0.1330253 -0.1116214 0.7544057 -0.6330222 0.5939195 9.848076 1.631757 1 ./train/i_92
41 -0.1982699 -0.1663682 0.739941 -0.6208849 0.8682482 9.848076 1.503834 1 ./train/i_93
42 -0.2620056 -0.2198488 0.7198449 -0.6040223 1.116195 9.848076 1.330217 1 ./train/i_94
43 -0.3237472 -0.2716563 0.6942704 -0.5825627 1.330228 9.848076 1.116183 1 ./train/i_95
44 -0.3830249 -0.3213963 0.663412 -0.5566695 1.503842 9.848076 0.8682341 1 ./train/i_96
45 -0.4393876 -0.3686903 0.6275046 -0.5265396 1.631762 9.848076 0.5939043 1 ./train/i_97
46 -0.4924062 -0.4131782 0.5868217 -0.4924025 1.710103 9.848076 0.301529 1 ./train/i_98
47 -0.5416774 -0.4545217 0.5416726 -0.4545179 1.736482 9.848076 -8.07796E-06 1 ./train/i_99
48 -0.5868261 -0.4924059 0.492401 -0.4131741 1.7101 9.848076 -0.3015449 1 ./train/i_100
49 -0.6275086 -0.5265427 0.439382 -0.3686858 1.631757 9.848076 -0.5939195 1 ./train/i_101
50 -0.6634154 -0.5566722 0.3830189 -0.3213916 1.503834 9.848076 -0.8682482 1 ./train/i_102
51 -0.6942732 -0.582565 0.3237409 -0.2716514 1.330217 9.848076 -1.116195 1 ./train/i_103
52 -0.7198472 -0.6040242 0.2619991 -0.2198438 1.116183 9.848076 -1.330228 1 ./train/i_104
53 -0.7399427 -0.6208863 0.1982633 -0.166363 0.8682341 9.848076 -1.503842 1 ./train/i_105
54 -0.7544068 -0.6330231 0.1330185 -0.1116161 0.5939043 9.848076 -1.631762 1 ./train/i_106
55 -0.7631294 -0.6403423 0.06676143 -0.05601976 0.301529 9.848076 -1.710103 1 ./train/i_107
30 -0.793353 -0.6087619 -3.887171E-06 2.772337E-06 -1.614294E-05 9.659257 -2.588191 1 ./train/i_108
31 -0.7903337 -0.6064451 -0.06914918 0.05305988 -0.4494505 9.659257 -2.548867 1 ./train/i_109
32 -0.7812995 -0.5995129 -0.1377682 0.1057132 -0.8852286 9.659257 -2.432098 1 ./train/i_110
33 -0.7663192 -0.5880181 -0.2053387 0.1575619 -1.294109 9.659257 -2.241431 1 ./train/i_111
34 -0.7455066 -0.5720481 -0.2713465 0.2082115 -1.663669 9.659257 -1.982659 1 ./train/i_112
35 -0.7190203 -0.5517244 -0.3352892 0.2572765 -1.982679 9.659257 -1.663644 1 ./train/i_113
36 -0.6870618 -0.5272018 -0.3966801 0.3043834 -2.241447 9.659257 -1.294081 1 ./train/i_114
37 -0.6498744 -0.4986669 -0.455052 0.3491738 -2.432109 9.659257 -0.8851982 1 ./train/i_115
38 -0.607741 -0.4663367 -0.5099607 0.3913068 -2.548873 9.659257 -0.4494188 1 ./train/i_116
39 -0.5609823 -0.4304575 -0.5609883 0.4304618 -2.58819 9.659257 1.603113E-05 1 ./train/i_117
40 -0.5099542 -0.3913023 -0.6077464 0.4663406 -2.548867 9.659257 0.4494503 1 ./train/i_118
41 -0.455045 -0.349169 -0.6498792 0.4986703 -2.432098 9.659257 0.8852283 1 ./train/i_119
42 -0.3966727 -0.3043783 -0.687066 0.5272048 -2.24143 9.659257 1.294109 1 ./train/i_120
43 -0.3352815 -0.2572711 -0.7190238 0.5517269 -1.982658 9.659257 1.663669 1 ./train/i_121
44 -0.2713386 -0.2082059 -0.7455094 0.5720502 -1.663644 9.659257 1.982679 1 ./train/i_122
45 -0.2053306 -0.1575562 -0.7663213 0.5880197 -1.294081 9.659257 2.241446 1 ./train/i_123
46 -0.1377599 -0.1057073 -0.781301 0.599514 -0.885198 9.659257 2.432109 1 ./train/i_124
47 -0.06914077 -0.05305393 -0.7903344 0.6064457 -0.4494186 9.659257 2.548872 1 ./train/i_125
48 4.544855E-06 3.20375E-06 -0.793353 0.6087619 1.613648E-05 9.659257 2.58819 1 ./train/i_126
49 0.06914984 0.05306031 -0.7903337 0.6064451 0.4494504 9.659257 2.548867 1 ./train/i_127
50 0.1377688 0.1057136 -0.7812994 0.5995129 0.8852283 9.659257 2.432097 1 ./train/i_128
51 0.2053394 0.1575623 -0.766319 0.588018 1.294109 9.659257 2.24143 1 ./train/i_129
52 0.2713471 0.2082119 -0.7455063 0.5720479 1.663669 9.659257 1.982658 1 ./train/i_130
53 0.3352897 0.2572769 -0.71902 0.5517243 1.982679 9.659257 1.663644 1 ./train/i_131
54 0.3966806 0.3043839 -0.6870615 0.5272017 2.241446 9.659257 1.294081 1 ./train/i_132
55 0.4550525 0.3491743 -0.649874 0.4986666 2.432108 9.659257 0.8851978 1 ./train/i_133
56 0.5099611 0.3913073 -0.6077405 0.4663365 2.548872 9.659257 0.4494185 1 ./train/i_134
57 0.5609887 0.4304622 -0.5609818 0.4304573 2.58819 9.659257 -1.621247E-05 1 ./train/i_135
58 0.6077467 0.466341 -0.5099537 0.391302 2.548867 9.659257 -0.4494504 1 ./train/i_136
59 0.6498795 0.4986706 -0.4550446 0.3491686 2.432097 9.659257 -0.8852283 1 ./train/i_137
60 0.6870662 0.5272051 -0.3966723 0.3043779 2.24143 9.659257 -1.294109 1 ./train/i_138
61 0.719024 0.5517272 -0.335281 0.2572707 1.982658 9.659257 -1.663669 1 ./train/i_139
62 0.7455096 0.5720504 -0.2713381 0.2082055 1.663644 9.659257 -1.982679 1 ./train/i_140
63 0.7663214 0.5880199 -0.2053301 0.1575557 1.294081 9.659257 -2.241446 1 ./train/i_141
64 0.781301 0.5995142 -0.1377594 0.1057068 0.8851977 9.659257 -2.432108 1 ./train/i_142
65 0.7903344 0.6064458 -0.06914032 0.05305343 0.4494184 9.659257 -2.548872 1 ./train/i_143
40 0.8191516 0.573577 5.156427E-06 -3.488789E-06 -2.656529E-05 9.396925 -3.420201 1 ./train/i_144
41 0.816034 0.5713941 0.07139893 -0.04999404 -0.5939378 9.396925 -3.368235 1 ./train/i_145
42 0.806706 0.5648625 0.1422493 -0.0996041 -1.169802 9.396925 -3.213928 1 ./train/i_146
43 0.7912384 0.554032 0.2120171 -0.1484561 -1.710123 9.396925 -2.961967 1 ./train/i_147
44 0.7697489 0.538985 0.2801713 -0.1961783 -2.198483 9.396925 -2.620008 1 ./train/i_148
45 0.7424012 0.5198359 0.3461932 -0.2424074 -2.620043 9.396925 -2.198442 1 ./train/i_149
46 0.7094034 0.4967306 0.4095804 -0.2867917 -2.961994 9.396925 -1.710077 1 ./train/i_150
47 0.6710066 0.4698448 0.4698504 -0.3289933 -3.213946 9.396925 -1.169753 1 ./train/i_151
48 0.627503 0.4393832 0.5265446 -0.3686911 -3.368244 9.396925 -0.5938855 1 ./train/i_152
49 0.5792238 0.4055776 0.5792315 -0.4055829 -3.4202 9.396925 2.642214E-05 1 ./train/i_153
50 0.5265363 0.3686854 0.62751 -0.439388 -3.368235 9.396925 0.5939376 1 ./train/i_154
51 0.4698415 0.3289872 0.6710128 -0.4698491 -3.213928 9.396925 1.169802 1 ./train/i_155
52 0.409571 0.2867852 0.7094088 -0.4967343 -2.961967 9.396925 1.710123 1 ./train/i_156
53 0.3461834 0.2424007 0.7424058 -0.519839 -2.620008 9.396925 2.198483 1 ./train/i_157
54 0.2801611 0.1961713 0.7697526 -0.5389875 -2.198442 9.396925 2.620043 1 ./train/i_158
55 0.2120066 0.1484489 0.7912411 -0.554034 -1.710077 9.396925 2.961994 1 ./train/i_159
56 0.1422386 0.09959678 0.8067078 -0.5648639 -1.169753 9.396925 3.213946 1 ./train/i_160
57 0.07138809 0.04998662 0.8160349 -0.5713949 -0.5938855 9.396925 3.368244 1 ./train/i_161
58 -5.729497E-06 -3.963709E-06 0.8191516 -0.5735772 2.642214E-05 9.396925 3.4202 1 ./train/i_162
59 -0.0713995 -0.04999451 0.816034 -0.5713942 0.5939376 9.396925 3.368235 1 ./train/i_163
60 -0.1422499 -0.09960457 0.8067058 -0.5648625 1.169802 9.396925 3.213928 1 ./train/i_164
61 -0.2120177 -0.1484566 0.7912381 -0.5540319 1.710123 9.396925 2.961967 1 ./train/i_165
62 -0.2801719 -0.1961787 0.7697487 -0.5389848 2.198483 9.396925 2.620008 1 ./train/i_166
63 -0.3461938 -0.2424079 0.7424009 -0.5198357 2.620043 9.396925 2.198442 1 ./train/i_167
64 -0.4095809 -0.2867921 0.7094031 -0.4967303 2.961994 9.396925 1.710077 1 ./train/i_168
65 -0.4698509 -0.3289937 0.6710063 -0.4698445 3.213946 9.396925 1.169753 1 ./train/i_169
66 -0.5265451 -0.3686914 0.6275026 -0.4393829 3.368244 9.396925 0.5938855 1 ./train/i_170
67 -0.5792319 -0.4055832 0.5792233 -0.4055773 3.4202 9.396925 -2.642214E-05 1 ./train/i_171
68 -0.6275104 -0.4393883 0.5265358 -0.3686851 3.368235 9.396925 -0.5939376 1 ./train/i_172
69 -0.6710132 -0.4698493 0.469841 -0.3289869 3.213928 9.396925 -1.169802 1 ./train/i_173
70 -0.7094091 -0.4967346 0.4095705 -0.2867849 2.961967 9.396925 -1.710123 1 ./train/i_174
71 -0.742406 -0.5198393 0.3461828 -0.2424003 2.620008 9.396925 -2.198483 1 ./train/i_175
72 -0.7697528 -0.5389877 0.2801605 -0.1961709 2.198442 9.396925 -2.620043 1 ./train/i_176
73 -0.7912413 -0.5540341 0.212006 -0.1484485 1.710077 9.396925 -2.961994 1 ./train/i_177
74 -0.8067079 -0.564864 0.142238 -0.09959631 1.169753 9.396925 -3.213946 1 ./train/i_178
75 -0.816035 -0.5713949 0.07138752 -0.04998615 0.5938855 9.396925 -3.368244 1 ./train/i_179
50 -0.843391 -0.5373003 -6.482793E-06 4.146816E-06 -3.883665E-05 9.063077 -4.226182 1 ./train/i_180
51 -0.8401811 -0.5352554 -0.07351286 0.04683296 -0.733907 9.063077 -4.16197 1 ./train/i_181
52 -0.8305769 -0.5291368 -0.1464598 0.09330534 -1.445476 9.063077 -3.971298 1 ./train/i_182
53 -0.8146515 -0.5189912 -0.218292 0.1390676 -2.113124 9.063077 -3.659961 1 ./train/i_183
54 -0.7925261 -0.5048957 -0.2884629 0.1837715 -2.716567 9.063077 -3.237418 1 ./train/i_184
55 -0.7643691 -0.4869577 -0.3564385 0.2270768 -3.237468 9.063077 -2.716507 1 ./train/i_185
56 -0.7303947 -0.4653136 -0.4217013 0.2686538 -3.66 9.063077 -2.113057 1 ./train/i_186
57 -0.6908616 -0.4401282 -0.4837547 0.3081863 -3.971325 9.063077 -1.445403 1 ./train/i_187
58 -0.6460707 -0.4115931 -0.5421265 0.3453732 -4.161983 9.063077 -0.7338305 1 ./train/i_188
59 -0.5963628 -0.3799256 -0.5963723 0.3799317 -4.226182 9.063077 3.8793E-05 1 ./train/i_189
60 -0.5421162 -0.3453666 -0.6460794 0.4115987 -4.16197 9.063077 0.7339069 1 ./train/i_190
61 -0.4837437 -0.3081792 -0.6908694 0.4401331 -3.971298 9.063077 1.445476 1 ./train/i_191
62 -0.4216896 -0.2686463 -0.7304015 0.4653179 -3.659961 9.063077 2.113124 1 ./train/i_192
63 -0.3564262 -0.2270689 -0.7643748 0.4869613 -3.237418 9.063077 2.716567 1 ./train/i_193
64 -0.2884503 -0.1837634 -0.7925307 0.5048986 -2.716507 9.063077 3.237468 1 ./train/i_194
65 -0.218279 -0.1390592 -0.814655 0.5189934 -2.113057 9.063077 3.66 1 ./train/i_195
66 -0.1464465 -0.09329682 -0.8305792 0.5291383 -1.445403 9.063077 3.971325 1 ./train/i_196
67 -0.07349942 -0.04682433 -0.8401822 0.5352561 -0.7338305 9.063077 4.161983 1 ./train/i_197
68 7.010997E-06 4.515052E-06 -0.843391 0.5373003 3.8793E-05 9.063077 4.226182 1 ./train/i_198
69 0.07351338 0.04683332 -0.8401811 0.5352553 0.7339069 9.063077 4.16197 1 ./train/i_199
70 0.1464603 0.0933057 -0.8305768 0.5291367 1.445476 9.063077 3.971298 1 ./train/i_200
71 0.2182925 0.139068 -0.8146514 0.5189911 2.113124 9.063077 3.659961 1 ./train/i_201
72 0.2884634 0.1837718 -0.7925259 0.5048956 2.716567 9.063077 3.237418 1 ./train/i_202
73 0.356439 0.2270771 -0.7643688 0.4869575 3.237468 9.063077 2.716507 1 ./train/i_203
74 0.4217018 0.2686541 -0.7303945 0.4653133 3.66 9.063077 2.113057 1 ./train/i_204
75 0.4837551 0.3081866 -0.6908614 0.4401279 3.971325 9.063077 1.445403 1 ./train/i_205
76 0.5421269 0.3453735 -0.6460704 0.4115928 4.161983 9.063077 0.7338305 1 ./train/i_206
77 0.5963727 0.379932 -0.5963624 0.3799253 4.226182 9.063077 -3.8793E-05 1 ./train/i_207
78 0.6460797 0.4115989 -0.5421157 0.3453663 4.16197 9.063077 -0.7339069 1 ./train/i_208
79 0.6908697 0.4401333 -0.4837432 0.3081789 3.971298 9.063077 -1.445476 1 ./train/i_209
80 0.7304018 0.465318 -0.4216891 0.268646 3.659961 9.063077 -2.113124 1 ./train/i_210
81 0.764375 0.4869614 -0.3564257 0.2270686 3.237418 9.063077 -2.716567 1 ./train/i_211
82 0.7925309 0.5048987 -0.2884497 0.183763 2.716507 9.063077 -3.237468 1 ./train/i_212
83 0.8146551 0.5189934 -0.2182784 0.1390589 2.113057 9.063077 -3.66 1 ./train/i_213
84 0.8305793 0.5291383 -0.1464459 0.09329645 1.445403 9.063077 -3.971325 1 ./train/i_214
85 0.8401824 0.5352561 -0.07349885 0.04682397 0.7338305 9.063077 -4.161983 1 ./train/i_215
60 0.866025 0.5000006 7.797623E-06 -4.5406E-06 -5.278464E-05 8.660254 -4.999999 1 ./train/i_216
61 0.8627289 0.4980976 0.07548686 -0.04358247 -0.8682927 8.660254 -4.924029 1 ./train/i_217
62 0.8528669 0.4924037 0.1503914 -0.0868287 -1.71015 8.660254 -4.698444 1 ./train/i_218
63 0.8365139 0.4829623 0.2241514 -0.1294141 -2.500045 8.660254 -4.3301 1 ./train/i_219
64 0.8137947 0.4698453 0.2962055 -0.1710146 -3.213978 8.660254 -3.830188 1 ./train/i_220
65 0.7848819 0.4531524 0.3660052 -0.2113136 -3.830256 8.660254 -3.213897 1 ./train/i_221
66 0.7499958 0.4330108 0.4330195 -0.2500044 -4.330153 8.660254 -2.499954 1 ./train/i_222
67 0.7094016 0.4095738 0.4967382 -0.2867924 -4.698481 8.660254 -1.710051 1 ./train/i_223
68 0.6634085 0.3830196 0.5566764 -0.3213978 -4.924047 8.660254 -0.8681888 1 ./train/i_224
69 0.6123664 0.3535504 0.612378 -0.3535571 -5 8.660254 5.281546E-05 1 ./train/i_225
70 0.5566639 0.3213905 0.6634189 -0.3830257 -4.924029 8.660254 0.8682928 1 ./train/i_226
71 0.4967248 0.2867846 0.7094109 -0.4095792 -4.698445 8.660254 1.71015 1 ./train/i_227
72 0.4330054 0.2499961 0.7500039 -0.4330156 -4.330101 8.660254 2.500046 1 ./train/i_228
73 0.3659905 0.211305 0.7848888 -0.4531565 -3.830188 8.660254 3.213978 1 ./train/i_229
74 0.2961902 0.1710057 0.8138003 -0.4698485 -3.213898 8.660254 3.830256 1 ./train/i_230
75 0.2241357 0.1294049 0.8365182 -0.4829647 -2.499954 8.660254 4.330153 1 ./train/i_231
76 0.1503754 0.08681936 0.8528697 -0.4924053 -1.710051 8.660254 4.698481 1 ./train/i_232
77 0.0754706 0.04357302 0.8627304 -0.4980983 -0.8681891 8.660254 4.924048 1 ./train/i_233
78 -8.530916E-06 -4.939735E-06 0.8660251 -0.5000005 5.260476E-05 8.660254 5 1 ./train/i_234
79 -0.0754876 -0.04358286 0.8627289 -0.4980974 0.8682927 8.660254 4.92403 1 ./train/i_235
80 -0.1503922 -0.08682909 0.8528668 -0.4924035 1.71015 8.660254 4.698445 1 ./train/i_236
81 -0.2241521 -0.1294145 0.8365138 -0.4829621 2.500046 8.660254 4.330101 1 ./train/i_237
82 -0.2962062 -0.171015 0.8137945 -0.4698451 3.213979 8.660254 3.830189 1 ./train/i_238
83 -0.3660059 -0.2113139 0.7848817 -0.4531522 3.830256 8.660254 3.213898 1 ./train/i_239
84 -0.4330201 -0.2500046 0.7499954 -0.4330106 4.330153 8.660254 2.499955 1 ./train/i_240
85 -0.4967388 -0.2867927 0.7094012 -0.4095735 4.698481 8.660254 1.710052 1 ./train/i_241
86 -0.556677 -0.321398 0.663408 -0.3830193 4.924048 8.660254 0.8681893 1 ./train/i_242
87 -0.6123785 -0.3535574 0.6123659 -0.3535501 5 8.660254 -5.236997E-05 1 ./train/i_243
88 -0.6634195 -0.3830259 0.5566633 -0.3213902 4.92403 8.660254 -0.8682925 1 ./train/i_244
89 -0.7094114 -0.4095795 0.4967242 -0.2867843 4.698445 8.660254 -1.71015 1 ./train/i_245
90 -0.7500043 -0.4330158 0.4330047 -0.2499957 4.330101 8.660254 -2.500046 1 ./train/i_246
91 -0.7848892 -0.4531566 0.3659897 -0.2113046 3.830189 8.660254 -3.213978 1 ./train/i_247
92 -0.8138006 -0.4698486 0.2961894 -0.1710053 3.213898 8.660254 -3.830256 1 ./train/i_248
93 -0.8365185 -0.4829648 0.2241349 -0.1294045 2.499955 8.660254 -4.330153 1 ./train/i_249
94 -0.8528699 -0.4924053 0.1503745 -0.08681893 1.710052 8.660254 -4.698482 1 ./train/i_250
95 -0.8627305 -0.4980983 0.07546977 -0.04357258 0.8681895 8.660254 -4.924048 1 ./train/i_251
70 -0.8870106 -0.4617491 -9.590947E-06 4.961966E-06 -6.820002E-05 8.19152 -5.735765 1 ./train/i_252
71 -0.8836344 -0.4599916 -0.07731766 0.04024905 -0.9960723 8.19152 -5.648614 1 ./train/i_253
72 -0.8735332 -0.4547332 -0.1540373 0.08018681 -1.961811 8.19152 -5.389832 1 ./train/i_254
73 -0.8567839 -0.4460141 -0.2295846 0.1195143 -2.867941 8.19152 -4.967284 1 ./train/i_255
74 -0.833514 -0.4339005 -0.3033846 0.1579322 -3.686931 8.19152 -4.393807 1 ./train/i_256
75 -0.8039005 -0.4184847 -0.3748757 0.1951482 -4.393895 8.19152 -3.686826 1 ./train/i_257
76 -0.7681688 -0.399884 -0.4435138 0.230879 -4.967352 8.19152 -2.867823 1 ./train/i_258
77 -0.7265909 -0.3782398 -0.5087764 0.2648526 -5.389879 8.19152 -1.961683 1 ./train/i_259
78 -0.6794832 -0.3537171 -0.570167 0.2968105 -5.648637 8.19152 -0.9959379 1 ./train/i_260
79 -0.6272042 -0.3265023 -0.6272182 0.3265096 -5.735765 8.19152 6.817038E-05 1 ./train/i_261
80 -0.5701517 -0.2968027 -0.6794959 0.3537237 -5.648613 8.19152 0.9960722 1 ./train/i_262
81 -0.5087602 -0.2648442 -0.7266023 0.3782457 -5.389832 8.19152 1.961811 1 ./train/i_263
82 -0.4434966 -0.2308701 -0.7681787 0.3998891 -4.967283 8.19152 2.867941 1 ./train/i_264
83 -0.3748577 -0.1951389 -0.8039088 0.4184891 -4.393806 8.19152 3.68693 1 ./train/i_265
84 -0.303366 -0.1579226 -0.8335208 0.4339041 -3.686826 8.19152 4.393894 1 ./train/i_266
85 -0.2295654 -0.1195044 -0.8567891 0.4460168 -2.867823 8.19152 4.967352 1 ./train/i_267
86 -0.1540177 -0.08017671 -0.8735366 0.4547351 -1.961683 8.19152 5.389879 1 ./train/i_268
87 -0.07729788 -0.04023883 -0.8836361 0.4599925 -0.9959378 8.19152 5.648637 1 ./train/i_269
88 1.025945E-05 5.301089E-06 -0.8870106 0.4617492 6.820498E-05 8.19152 5.735764 1 ./train/i_270
89 0.07731833 0.04024939 -0.8836343 0.4599916 0.9960722 8.19152 5.648613 1 ./train/i_271
90 0.154038 0.08018716 -0.8735331 0.4547332 1.961811 8.19152 5.389832 1 ./train/i_272
91 0.2295853 0.1195147 -0.8567837 0.4460141 2.867941 8.19152 4.967283 1 ./train/i_273
92 0.3033853 0.1579326 -0.8335137 0.4339005 3.68693 8.19152 4.393806 1 ./train/i_274
93 0.3748763 0.1951485 -0.8039001 0.4184846 4.393894 8.19152 3.686826 1 ./train/i_275
94 0.4435144 0.2308793 -0.7681684 0.3998838 4.967351 8.19152 2.867823 1 ./train/i_276
95 0.508777 0.2648529 -0.7265905 0.3782397 5.389878 8.19152 1.961683 1 ./train/i_277
96 0.5701675 0.2968108 -0.6794827 0.3537169 5.648636 8.19152 0.9959377 1 ./train/i_278
97 0.6272187 0.3265098 -0.6272036 0.3265021 5.735763 8.19152 -6.815677E-05 1 ./train/i_279
98 0.6794964 0.3537239 -0.5701512 0.2968025 5.648612 8.19152 -0.9960719 1 ./train/i_280
99 0.7266027 0.3782459 -0.5087596 0.264844 5.389831 8.19152 -1.961811 1 ./train/i_281
100 0.7681791 0.3998893 -0.443496 0.2308699 4.967283 8.19152 -2.867941 1 ./train/i_282
101 0.8039091 0.4184892 -0.3748571 0.1951387 4.393806 8.19152 -3.68693 1 ./train/i_283
102 0.833521 0.4339042 -0.3033653 0.1579224 3.686826 8.19152 -4.393893 1 ./train/i_284
103 0.8567892 0.4460169 -0.2295647 0.1195041 2.867823 8.19152 -4.96735 1 ./train/i_285
104 0.8735368 0.4547352 -0.154017 0.08017644 1.961683 8.19152 -5.389877 1 ./train/i_286
105 0.8836361 0.4599926 -0.07729715 0.04023854 0.9959381 8.19152 -5.648635 1 ./train/i_287
80 0.9063075 0.4226189 1.122305E-05 -5.106979E-06 -8.466734E-05 7.660444 -6.427875 1 ./train/i_288
81 0.9028578 0.4210102 0.07900112 -0.03683877 -1.116272 7.660444 -6.330206 1 ./train/i_289
82 0.8925367 0.4161974 0.1573898 -0.07339206 -2.198542 7.660444 -6.040197 1 ./train/i_290
83 0.875423 0.4082172 0.2345806 -0.1093868 -3.21401 7.660444 -5.56666 1 ./train/i_291
84 0.8516466 0.3971301 0.3099861 -0.144549 -4.131823 7.660444 -4.923983 1 ./train/i_292
85 0.8213888 0.3830206 0.3830324 -0.1786112 -4.924092 7.660444 -4.131693 1 ./train/i_293
86 0.7848796 0.3659961 0.4531637 -0.2113139 -5.566745 7.660444 -3.213864 1 ./train/i_294
87 0.7423971 0.3461861 0.519846 -0.2424085 -6.040256 7.660444 -2.198383 1 ./train/i_295
88 0.6942644 0.3237414 0.582572 -0.2716582 -6.330235 7.660444 -1.116105 1 ./train/i_296
89 0.640848 0.2988329 0.6408643 -0.2988404 -6.427875 7.660444 8.469192E-05 1 ./train/i_297
90 0.5825543 0.2716501 0.6942793 -0.3237483 -6.330206 7.660444 1.116272 1 ./train/i_298
91 0.5198271 0.2423999 0.7424103 -0.3461922 -6.040197 7.660444 2.198542 1 ./train/i_299
92 0.4531437 0.2113048 0.7848912 -0.3660014 -5.56666 7.660444 3.21401 1 ./train/i_300
93 0.3830115 0.1786016 0.8213985 -0.3830251 -4.923983 7.660444 4.131823 1 ./train/i_301
94 0.3099644 0.1445391 0.8516545 -0.3971337 -4.131693 7.660444 4.924092 1 ./train/i_302
95 0.2345583 0.1093766 0.8754289 -0.4082199 -3.213864 7.660444 5.566745 1 ./train/i_303
96 0.157367 0.07338165 0.8925407 -0.4161994 -2.198383 7.660444 6.040256 1 ./train/i_304
97 0.07897809 0.03682823 0.9028597 -0.4210112 -1.116105 7.660444 6.330235 1 ./train/i_305
98 -1.189113E-05 -5.468727E-06 0.9063075 -0.422619 8.469192E-05 7.660444 6.427875 1 ./train/i_306
99 -0.07900178 -0.03683913 0.9028577 -0.4210103 1.116272 7.660444 6.330206 1 ./train/i_307
100 -0.1573904 -0.07339243 0.8925366 -0.4161974 2.198542 7.660444 6.040197 1 ./train/i_308
101 -0.2345812 -0.1093872 0.8754227 -0.4082171 3.21401 7.660444 5.56666 1 ./train/i_309
102 -0.3099867 -0.1445494 0.8516464 -0.39713 4.131823 7.660444 4.923983 1 ./train/i_310
103 -0.383033 -0.1786115 0.8213884 -0.3830205 4.924092 7.660444 4.131693 1 ./train/i_311
104 -0.4531642 -0.2113143 0.7848793 -0.3659959 5.566745 7.660444 3.213864 1 ./train/i_312
105 -0.5198466 -0.2424089 0.7423967 -0.346186 6.040256 7.660444 2.198383 1 ./train/i_313
106 -0.5825726 -0.2716585 0.6942639 -0.3237413 6.330235 7.660444 1.116105 1 ./train/i_314
107 -0.6408648 -0.2988407 0.6408474 -0.2988327 6.427875 7.660444 -8.469192E-05 1 ./train/i_315
108 -0.6942797 -0.3237485 0.5825537 -0.2716499 6.330206 7.660444 -1.116272 1 ./train/i_316
109 -0.7424107 -0.3461924 0.5198265 -0.2423996 6.040197 7.660444 -2.198542 1 ./train/i_317
110 -0.7848915 -0.3660016 0.453143 -0.2113046 5.56666 7.660444 -3.21401 1 ./train/i_318
111 -0.8213988 -0.3830253 0.3830108 -0.1786013 4.923983 7.660444 -4.131823 1 ./train/i_319
112 -0.8516548 -0.3971339 0.3099637 -0.1445388 4.131693 7.660444 -4.924092 1 ./train/i_320
113 -0.875429 -0.40822 0.2345575 -0.1093763 3.213864 7.660444 -5.566745 1 ./train/i_321
114 -0.8925408 -0.4161994 0.1573663 -0.07338138 2.198383 7.660444 -6.040256 1 ./train/i_322
115 -0.9028599 -0.4210112 0.07897733 -0.03682796 1.116105 7.660444 -6.330235 1 ./train/i_323
90 -0.9238793 -0.382684 -1.289722E-05 5.190494E-06 -0.0001024097 7.071067 -7.071066 1 ./train/i_324
91 -0.9203625 -0.3812274 -0.08053426 0.0333583 -1.227979 7.071067 -6.963623 1 ./train/i_325
92 -0.9098412 -0.3768694 -0.1604427 0.06645753 -2.418543 7.071067 -6.644594 1 ./train/i_326
93 -0.8923955 -0.3696431 -0.2391301 0.09905098 -3.535622 7.071067 -6.123672 1 ./train/i_327
94 -0.8681581 -0.3596036 -0.3159976 0.1308906 -4.545272 7.071067 -5.416685 1 ./train/i_328
95 -0.8373135 -0.3468273 -0.3904601 0.1617341 -5.416817 7.071067 -4.545115 1 ./train/i_329
96 -0.8000964 -0.3314115 -0.461951 0.1913466 -6.123774 7.071067 -3.535444 1 ./train/i_330
97 -0.7567901 -0.3134734 -0.5299262 0.2195029 -6.644664 7.071067 -2.41835 1 ./train/i_331
98 -0.7077241 -0.2931496 -0.5938683 0.2459887 -6.963659 7.071067 -1.227777 1 ./train/i_332
99 -0.653272 -0.2705947 -0.6532907 0.2706023 -7.071066 7.071067 0.0001028265 1 ./train/i_333
100 -0.593848 -0.2459804 -0.7077411 0.2931564 -6.963623 7.071067 1.227979 1 ./train/i_334
101 -0.5299045 -0.2194941 -0.7568052 0.3134795 -6.644594 7.071067 2.418544 1 ./train/i_335
102 -0.4619282 -0.1913373 -0.8001096 0.3314168 -6.123672 7.071067 3.535622 1 ./train/i_336
103 -0.3904362 -0.1617243 -0.8373247 0.3468318 -5.416685 7.071067 4.545273 1 ./train/i_337
104 -0.3159727 -0.1308805 -0.8681671 0.3596072 -4.545115 7.071067 5.416817 1 ./train/i_338
105 -0.2391046 -0.09904063 -0.8924024 0.3696457 -3.535444 7.071067 6.123775 1 ./train/i_339
106 -0.1604167 -0.066447 -0.9098458 0.3768711 -2.41835 7.071067 6.644664 1 ./train/i_340
107 -0.08050794 -0.03334765 -0.9203649 0.3812283 -1.227776 7.071067 6.963658 1 ./train/i_341
108 1.353771E-05 5.502254E-06 -0.9238793 0.3826841 0.0001032133 7.071067 7.071066 1 ./train/i_342
109 0.08053491 0.03335861 -0.9203625 0.3812273 1.227979 7.071067 6.963623 1 ./train/i_343
110 0.1604434 0.06645784 -0.9098411 0.3768693 2.418544 7.071067 6.644593 1 ./train/i_344
111 0.2391308 0.09905129 -0.8923953 0.369643 3.535622 7.071067 6.123671 1 ./train/i_345
112 0.3159982 0.1308909 -0.8681579 0.3596035 4.545272 7.071067 5.416684 1 ./train/i_346
113 0.3904607 0.1617343 -0.8373132 0.3468272 5.416817 7.071067 4.545114 1 ./train/i_347
114 0.4619516 0.1913469 -0.800096 0.3314113 6.123774 7.071067 3.535443 1 ./train/i_348
115 0.5299267 0.2195032 -0.7567897 0.3134732 6.644663 7.071067 2.41835 1 ./train/i_349
116 0.5938687 0.2459889 -0.7077237 0.2931494 6.963658 7.071067 1.227776 1 ./train/i_350
117 0.653291 0.2706025 -0.6532716 0.2705945 7.071065 7.071067 -0.0001034827 1 ./train/i_351
118 0.7077414 0.2931566 -0.5938476 0.2459802 6.963622 7.071067 -1.22798 1 ./train/i_352
119 0.7568055 0.3134797 -0.5299041 0.2194939 6.644593 7.071067 -2.418544 1 ./train/i_353
120 0.8001099 0.331417 -0.4619276 0.1913371 6.123671 7.071067 -3.535622 1 ./train/i_354
121 0.8373249 0.3468319 -0.3904357 0.1617241 5.416684 7.071067 -4.545272 1 ./train/i_355
122 0.8681673 0.3596073 -0.3159722 0.1308803 4.545114 7.071067 -5.416817 1 ./train/i_356
123 0.8924025 0.3696459 -0.239104 0.0990404 3.535443 7.071067 -6.123774 1 ./train/i_357
124 0.9098459 0.3768713 -0.1604162 0.06644674 2.41835 7.071067 -6.644663 1 ./train/i_358
125 0.9203649 0.3812284 -0.0805074 0.03334738 1.227776 7.071067 -6.963658 1 ./train/i_359
100 0.9396924 0.3420208 1.43123E-05 -5.147356E-06 -0.0001213363 6.427876 -7.660442 1 ./train/i_360
101 0.9361153 0.3407189 0.08191389 -0.02981422 -1.330341 6.427876 -7.544042 1 ./train/i_361
102 0.9254138 0.3368239 0.1631901 -0.05939639 -2.620139 6.427876 -7.19842 1 ./train/i_362
103 0.9076694 0.3303654 0.2432242 -0.08852651 -3.830326 6.427876 -6.634077 1 ./train/i_363
104 0.8830171 0.3213927 0.3214073 -0.1169829 -4.92413 6.427876 -5.868161 1 ./train/i_364
105 0.8516444 0.3099739 0.3971443 -0.144549 -5.868317 6.427876 -4.923944 1 ./train/i_365
106 0.8137903 0.2961961 0.4698588 -0.1710149 -6.634198 6.427876 -3.830116 1 ./train/i_366
107 0.7697426 0.280164 0.5389974 -0.1961794 -7.198503 6.427876 -2.619911 1 ./train/i_367
108 0.7198368 0.2619998 0.6040338 -0.2198507 -7.544084 6.427876 -1.330102 1 ./train/i_368
109 0.6644526 0.2418415 0.6644732 -0.2418489 -7.660442 6.427876 0.0001214954 1 ./train/i_369
110 0.6040115 0.2198427 0.7198555 -0.2620065 -7.544042 6.427876 1.330341 1 ./train/i_370
111 0.5389735 0.1961707 0.7697594 -0.2801701 -7.19842 6.427876 2.62014 1 ./train/i_371
112 0.4698335 0.1710058 0.8138048 -0.2962014 -6.634077 6.427876 3.830327 1 ./train/i_372
113 0.3971179 0.1445394 0.8516567 -0.3099784 -5.868161 6.427876 4.924131 1 ./train/i_373
114 0.3213799 0.116973 0.8830271 -0.3213963 -4.923944 6.427876 5.868318 1 ./train/i_374
115 0.2431961 0.08851632 0.907677 -0.3303681 -3.830116 6.427876 6.634199 1 ./train/i_375
116 0.1631614 0.05938599 0.9254189 -0.3368257 -2.619911 6.427876 7.198503 1 ./train/i_376
117 0.08188487 0.0298037 0.9361179 -0.3407198 -1.330102 6.427876 7.544085 1 ./train/i_377
118 -1.481921E-05 -5.412847E-06 0.9396924 -0.3420208 0.0001215782 6.427876 7.660443 1 ./train/i_378
119 -0.08191439 -0.02981448 0.9361153 -0.3407188 1.330342 6.427876 7.544043 1 ./train/i_379
120 -0.1631905 -0.05939664 0.9254138 -0.3368238 2.62014 6.427876 7.19842 1 ./train/i_380
121 -0.2432247 -0.08852676 0.9076693 -0.3303653 3.830327 6.427876 6.634078 1 ./train/i_381
122 -0.3214078 -0.1169831 0.8830169 -0.3213925 4.924131 6.427876 5.868162 1 ./train/i_382
123 -0.3971448 -0.1445492 0.8516442 -0.3099738 5.868318 6.427876 4.923945 1 ./train/i_383
124 -0.4698592 -0.1710152 0.81379 -0.2961959 6.634199 6.427876 3.830117 1 ./train/i_384
125 -0.5389978 -0.1961796 0.7697424 -0.2801639 7.198503 6.427876 2.619912 1 ./train/i_385
126 -0.6040341 -0.2198509 0.7198365 -0.2619995 7.544085 6.427876 1.330103 1 ./train/i_386
127 -0.6644735 -0.2418491 0.6644522 -0.2418413 7.660443 6.427876 -0.0001213088 1 ./train/i_387
128 -0.7198558 -0.2620067 0.6040111 -0.2198425 7.544043 6.427876 -1.330341 1 ./train/i_388
129 -0.7697597 -0.2801702 0.538973 -0.1961705 7.198421 6.427876 -2.62014 1 ./train/i_389
130 -0.8138051 -0.2962015 0.4698331 -0.1710056 6.634078 6.427876 -3.830327 1 ./train/i_390
131 -0.851657 -0.3099785 0.3971174 -0.1445392 5.868162 6.427876 -4.924131 1 ./train/i_391
132 -0.8830273 -0.3213963 0.3213794 -0.1169728 4.923945 6.427876 -5.868318 1 ./train/i_392
133 -0.9076771 -0.3303681 0.2431955 -0.08851609 3.830117 6.427876 -6.634199 1 ./train/i_393
134 -0.925419 -0.3368257 0.1631608 -0.05938577 2.619912 6.427876 -7.198503 1 ./train/i_394
135 -0.9361179 -0.3407197 0.08188432 -0.02980348 1.330103 6.427876 -7.544085 1 ./train/i_395
110 -0.9537168 -0.3007064 -1.559384E-05 4.949705E-06 -0.0001382601 5.735765 -8.19152 1 ./train/i_396
111 -0.9500862 -0.2995616 -0.08313747 0.02621323 -1.422579 5.735765 -8.067048 1 ./train/i_397
112 -0.939225 -0.2961371 -0.1656266 0.05222201 -2.801795 5.735765 -7.697464 1 ./train/i_398
113 -0.9212157 -0.2904588 -0.2468552 0.07783335 -4.09588 5.735765 -7.093995 1 ./train/i_399
114 -0.8961952 -0.2825698 -0.3262051 0.1028523 -5.265513 5.735765 -6.274979 1 ./train/i_400
115 -0.8643543 -0.2725304 -0.4030724 0.1270885 -6.275157 5.735765 -5.265301 1 ./train/i_401
116 -0.8259351 -0.2604168 -0.4768721 0.1503575 -7.094133 5.735765 -4.09564 1 ./train/i_402
117 -0.78123 -0.2463213 -0.5470424 0.1724822 -7.697558 5.735765 -2.801534 1 ./train/i_403
118 -0.7305793 -0.2303512 -0.6130495 0.1932942 -8.067096 5.735765 -1.422306 1 ./train/i_404
119 -0.6743684 -0.2126279 -0.6743909 0.2126351 -8.19152 5.735765 0.0001385674 1 ./train/i_405
120 -0.6130252 -0.1932864 -0.7305997 0.2303577 -8.067048 5.735765 1.422579 1 ./train/i_406
121 -0.5470164 -0.1724739 -0.7812483 0.2463271 -7.697463 5.735765 2.801795 1 ./train/i_407
122 -0.4768445 -0.1503487 -0.825951 0.2604218 -7.093995 5.735765 4.09588 1 ./train/i_408
123 -0.4030436 -0.1270793 -0.8643678 0.2725346 -6.274979 5.735765 5.265513 1 ./train/i_409
124 -0.3261752 -0.1028428 -0.8962061 0.2825732 -5.265301 5.735765 6.275157 1 ./train/i_410
125 -0.2468245 -0.07782355 -0.9212239 0.2904613 -4.095639 5.735765 7.094133 1 ./train/i_411
126 -0.1655953 -0.05221203 -0.9392306 0.2961388 -2.801534 5.735765 7.697557 1 ./train/i_412
127 -0.08310574 -0.02620313 -0.950089 0.2995625 -1.422305 5.735765 8.067096 1 ./train/i_413
128 1.624972E-05 5.183742E-06 -0.9537168 0.3007063 0.000139037 5.735765 8.191519 1 ./train/i_414
129 0.08313812 0.02621346 -0.9500862 0.2995616 1.422579 5.735765 8.067047 1 ./train/i_415
130 0.1656273 0.05222223 -0.9392249 0.296137 2.801795 5.735765 7.697462 1 ./train/i_416
131 0.2468559 0.07783356 -0.9212155 0.2904586 4.09588 5.735765 7.093994 1 ./train/i_417
132 0.3262058 0.1028525 -0.8961951 0.2825697 5.265513 5.735765 6.274978 1 ./train/i_418
133 0.403073 0.1270887 -0.864354 0.2725303 6.275157 5.735765 5.2653 1 ./train/i_419
134 0.4768727 0.1503577 -0.8259348 0.2604167 7.094133 5.735765 4.095638 1 ./train/i_420
135 0.547043 0.1724824 -0.7812296 0.2463212 7.697557 5.735765 2.801533 1 ./train/i_421
136 0.61305 0.1932943 -0.7305788 0.230351 8.067095 5.735765 1.422305 1 ./train/i_422
137 0.6743913 0.2126352 -0.6743679 0.2126277 8.191518 5.735765 -0.0001396932 1 ./train/i_423
138 0.7306001 0.2303578 -0.6130247 0.1932862 8.067046 5.735765 -1.42258 1 ./train/i_424
139 0.7812486 0.2463272 -0.5470158 0.1724737 7.697461 5.735765 -2.801795 1 ./train/i_425
140 0.8259513 0.260422 -0.476844 0.1503485 7.093993 5.735765 -4.09588 1 ./train/i_426
141 0.864368 0.2725347 -0.403043 0.1270791 6.274977 5.735765 -5.265513 1 ./train/i_427
142 0.8962064 0.2825733 -0.3261746 0.1028426 5.265299 5.735765 -6.275156 1 ./train/i_428
143 0.9212241 0.2904614 -0.2468238 0.07782332 4.095638 5.735765 -7.094132 1 ./train/i_429
144 0.9392306 0.2961389 -0.1655946 0.05221179 2.801533 5.735765 -7.697556 1 ./train/i_430
145 0.9500891 0.2995625 -0.08310504 0.02620289 1.422305 5.735765 -8.067095 1 ./train/i_431
120 0.9659257 0.2588195 1.71779E-05 -4.677323E-06 -0.0001566064 5 -8.660252 1 ./train/i_432
121 0.9622486 0.2578342 0.08420312 -0.02256228 -1.503991 5 -8.528656 1 ./train/i_433
122 0.9512482 0.2548867 0.1677482 -0.04494816 -2.962128 5 -8.137921 1 ./train/i_434
123 0.9330081 0.2499992 0.2500167 -0.06699197 -4.330262 5 -7.49992 1 ./train/i_435
124 0.9076673 0.2432092 0.3303823 -0.08852593 -5.566823 5 -6.634037 1 ./train/i_436
125 0.8754187 0.2345681 0.4082336 -0.1093861 -6.634238 5 -5.566583 1 ./train/i_437
126 0.8365076 0.2241419 0.4829779 -0.1294138 -7.500076 5 -4.32999 1 ./train/i_438
127 0.7912301 0.2120098 0.5540465 -0.1484566 -8.138028 5 -2.961833 1 ./train/i_439
128 0.7399309 0.1982642 0.6208984 -0.1663696 -8.52871 5 -1.503683 1 ./train/i_440
129 0.6830003 0.1830096 0.6830249 -0.1830164 -8.660252 5 0.0001564914 1 ./train/i_441
130 0.6208718 0.1663623 0.7399532 -0.1982703 -8.528656 5 1.503991 1 ./train/i_442
131 0.554018 0.1484488 0.79125 -0.2120153 -8.137921 5 2.962128 1 ./train/i_443
132 0.4829478 0.1294056 0.836525 -0.2241467 -7.49992 5 4.330262 1 ./train/i_444
133 0.408202 0.1093775 0.8754334 -0.2345722 -6.634037 5 5.566823 1 ./train/i_445
134 0.3303496 0.08851697 0.9076793 -0.2432124 -5.566583 5 6.634238 1 ./train/i_446
135 0.249983 0.06698277 0.9330171 -0.2500017 -4.32999 5 7.500076 1 ./train/i_447
136 0.1677139 0.04493878 0.9512542 -0.2548883 -2.961833 5 8.138028 1 ./train/i_448
137 0.0841684 0.02255279 0.9622516 -0.2578351 -1.503683 5 8.52871 1 ./train/i_449
138 -1.767278E-05 -4.854054E-06 0.9659257 -0.2588196 0.0001564914 5 8.660252 1 ./train/i_450
139 -0.08420362 -0.02256246 0.9622485 -0.2578343 1.503991 5 8.528656 1 ./train/i_451
140 -0.1677487 -0.04494835 0.951248 -0.2548867 2.962128 5 8.137921 1 ./train/i_452
141 -0.2500171 -0.06699215 0.933008 -0.2499993 4.330262 5 7.49992 1 ./train/i_453
142 -0.3303828 -0.08852611 0.9076672 -0.2432092 5.566823 5 6.634037 1 ./train/i_454
143 -0.408234 -0.1093863 0.8754184 -0.2345681 6.634238 5 5.566583 1 ./train/i_455
144 -0.4829783 -0.129414 0.8365073 -0.2241419 7.500076 5 4.32999 1 ./train/i_456
145 -0.5540469 -0.1484568 0.7912297 -0.2120098 8.138028 5 2.961833 1 ./train/i_457
146 -0.6208988 -0.1663698 0.7399305 -0.1982641 8.52871 5 1.503683 1 ./train/i_458
147 -0.6830253 -0.1830166 0.6829998 -0.1830096 8.660252 5 -0.0001564914 1 ./train/i_459
148 -0.7399536 -0.1982705 0.6208712 -0.1663622 8.528656 5 -1.503991 1 ./train/i_460
149 -0.7912503 -0.2120154 0.5540174 -0.1484488 8.137921 5 -2.962128 1 ./train/i_461
150 -0.8365253 -0.2241468 0.4829472 -0.1294055 7.49992 5 -4.330262 1 ./train/i_462
151 -0.8754337 -0.2345723 0.4082014 -0.1093774 6.634037 5 -5.566823 1 ./train/i_463
152 -0.9076794 -0.2432126 0.3303489 -0.08851684 5.566583 5 -6.634238 1 ./train/i_464
153 -0.9330173 -0.2500018 0.2499823 -0.06698263 4.32999 5 -7.500076 1 ./train/i_465
154 -0.9512543 -0.2548884 0.1677132 -0.04493863 2.961833 5 -8.138028 1 ./train/i_466
155 -0.9622517 -0.2578351 0.08416773 -0.02255262 1.503683 5 -8.52871 1 ./train/i_467
130 -0.9762959 -0.2164402 -1.85598E-05 4.216137E-06 -0.0001719782 4.226183 -9.063075 1 ./train/i_468
131 -0.9725792 -0.2156162 -0.08510833 0.01886821 -1.573956 4.226183 -8.925357 1 ./train/i_469
132 -0.9614605 -0.2131512 -0.1695504 0.03758861 -3.099916 4.226183 -8.516446 1 ./train/i_470
133 -0.9430246 -0.2090641 -0.252702 0.05602294 -4.531687 4.226183 -7.848767 1 ./train/i_471
134 -0.9174117 -0.2033858 -0.3339305 0.0740309 -5.825764 4.226183 -6.942608 1 ./train/i_472
135 -0.8848166 -0.1961596 -0.4126175 0.09147543 -6.942829 4.226183 -5.8255 1 ./train/i_473
136 -0.8454877 -0.1874405 -0.4881642 0.1082238 -7.848939 4.226183 -4.531388 1 ./train/i_474
137 -0.799724 -0.1772949 -0.5599957 0.1241485 -8.516563 4.226183 -3.099592 1 ./train/i_475
138 -0.747874 -0.1658 -0.6275653 0.1391283 -8.925416 4.226183 -1.573617 1 ./train/i_476
139 -0.6903321 -0.1530433 -0.6903588 0.1530493 -9.063074 4.226183 0.0001722628 1 ./train/i_477
140 -0.6275364 -0.1391218 -0.7478982 0.1658056 -8.925356 4.226183 1.573956 1 ./train/i_478
141 -0.5599648 -0.1241414 -0.7997456 0.1772999 -8.516445 4.226183 3.099916 1 ./train/i_479
142 -0.4881316 -0.1082163 -0.8455065 0.1874449 -7.848766 4.226183 4.531686 1 ./train/i_480
143 -0.4125833 -0.09146764 -0.8848326 0.1961633 -6.942607 4.226183 5.825764 1 ./train/i_481
144 -0.333895 -0.07402282 -0.9174246 0.2033887 -5.8255 4.226183 6.942828 1 ./train/i_482
145 -0.2526656 -0.05601464 -0.9430344 0.2090663 -4.531388 4.226183 7.848938 1 ./train/i_483
146 -0.1695132 -0.03758015 -0.9614671 0.2131527 -3.099592 4.226183 8.516562 1 ./train/i_484
147 -0.08507075 -0.01885966 -0.9725825 0.2156169 -1.573617 4.226183 8.925415 1 ./train/i_485
148 1.915544E-05 4.366041E-06 -0.9762959 0.2164402 0.000171745 4.226183 9.063074 1 ./train/i_486
149 0.08510891 0.01886836 -0.9725791 0.2156162 1.573955 4.226183 8.925356 1 ./train/i_487
150 0.1695509 0.03758876 -0.9614605 0.2131512 3.099915 4.226183 8.516445 1 ./train/i_488
151 0.2527026 0.05602307 -0.9430245 0.209064 4.531686 4.226183 7.848767 1 ./train/i_489
152 0.333931 0.07403102 -0.9174114 0.2033857 5.825763 4.226183 6.942607 1 ./train/i_490
153 0.412618 0.09147555 -0.8848164 0.1961595 6.942828 4.226183 5.8255 1 ./train/i_491
154 0.4881648 0.1082239 -0.8454874 0.1874404 7.848938 4.226183 4.531389 1 ./train/i_492
155 0.5599962 0.1241486 -0.7997236 0.1772948 8.516562 4.226183 3.099593 1 ./train/i_493
156 0.6275659 0.1391284 -0.7478735 0.1657999 8.925415 4.226183 1.573618 1 ./train/i_494
157 0.6903593 0.1530494 -0.6903316 0.1530431 9.063074 4.226183 -0.0001712754 1 ./train/i_495
158 0.7478986 0.1658056 -0.6275359 0.1391216 8.925356 4.226183 -1.573955 1 ./train/i_496
159 0.7997461 0.1772999 -0.5599642 0.1241413 8.516445 4.226183 -3.099915 1 ./train/i_497
160 0.8455069 0.1874449 -0.4881309 0.1082162 7.848767 4.226183 -4.531685 1 ./train/i_498
161 0.8848329 0.1961633 -0.4125826 0.09146746 6.942607 4.226183 -5.825763 1 ./train/i_499
162 0.9174249 0.2033887 -0.3338943 0.07402263 5.8255 4.226183 -6.942827 1 ./train/i_500
163 0.9430346 0.2090663 -0.2526649 0.05601444 4.531389 4.226183 -7.848938 1 ./train/i_501
164 0.9614673 0.2131527 -0.1695125 0.03757996 3.099593 4.226183 -8.516562 1 ./train/i_502
165 0.9725825 0.2156169 -0.08507004 0.01885946 1.573618 4.226183 -8.925414 1 ./train/i_503
140 0.9848077 0.1736487 2.004308E-05 -3.685271E-06 -0.0001846042 3.420202 -9.396921 1 ./train/i_504
141 0.9810585 0.1729875 0.08585165 -0.01513815 -1.63194 3.420202 -9.254128 1 ./train/i_505
142 0.9698428 0.1710099 0.1710299 -0.03015741 -3.21411 3.420202 -8.830154 1 ./train/i_506
143 0.951246 0.1677307 0.2549065 -0.04494715 -4.69862 3.420202 -8.13788 1 ./train/i_507
144 0.9254096 0.1631751 0.3368431 -0.05939482 -6.040366 3.420202 -7.198341 1 ./train/i_508
145 0.8925303 0.1573775 0.4162161 -0.07339045 -7.198578 3.420202 -6.040083 1 ./train/i_509
146 0.8528583 0.1503823 0.4924214 -0.08682755 -8.138064 3.420202 -4.698301 1 ./train/i_510
147 0.8066956 0.1422425 0.5648792 -0.09960383 -8.83028 3.420202 -3.213763 1 ./train/i_511
148 0.7543933 0.1330202 0.6330379 -0.1116221 -9.254192 3.420202 -1.631577 1 ./train/i_512
149 0.6963497 0.1227855 0.6963786 -0.1227908 -9.396921 3.420202 0.000184306 1 ./train/i_513
150 0.6330065 0.1116164 0.7544196 -0.133025 -9.254128 3.420202 1.63194 1 ./train/i_514
151 0.5648456 0.09959771 0.806719 -0.1422468 -8.830154 3.420202 3.214109 1 ./train/i_515
152 0.492386 0.08682108 0.8528788 -0.1503861 -8.13788 3.420202 4.69862 1 ./train/i_516
153 0.416179 0.07338368 0.8925476 -0.1573808 -7.198341 3.420202 6.040366 1 ./train/i_517
154 0.3368046 0.05938779 0.9254236 -0.1631777 -6.040083 3.420202 7.198578 1 ./train/i_518
155 0.2548669 0.04493992 0.9512565 -0.1677327 -4.698301 3.420202 8.138064 1 ./train/i_519
156 0.1709896 0.03015003 0.9698498 -0.1710112 -3.213763 3.420202 8.83028 1 ./train/i_520
157 0.08581089 0.01513068 0.981062 -0.1729882 -1.631577 3.420202 9.254192 1 ./train/i_521
158 -2.086908E-05 -3.820286E-06 0.9848077 -0.1736487 0.000184306 3.420202 9.396921 1 ./train/i_522
159 -0.08585247 -0.01513829 0.9810584 -0.1729876 1.63194 3.420202 9.254128 1 ./train/i_523
160 -0.1710307 -0.03015755 0.9698426 -0.1710099 3.214109 3.420202 8.830154 1 ./train/i_524
161 -0.2549073 -0.0449473 0.9512458 -0.1677307 4.69862 3.420202 8.13788 1 ./train/i_525
162 -0.3368438 -0.05939496 0.9254093 -0.1631751 6.040366 3.420202 7.198341 1 ./train/i_526
163 -0.4162168 -0.07339059 0.89253 -0.1573775 7.198578 3.420202 6.040083 1 ./train/i_527
164 -0.4924221 -0.08682767 0.8528579 -0.1503822 8.138064 3.420202 4.698301 1 ./train/i_528
165 -0.5648798 -0.09960395 0.8066951 -0.1422424 8.83028 3.420202 3.213763 1 ./train/i_529
166 -0.6330385 -0.1116222 0.7543928 -0.1330201 9.254192 3.420202 1.631577 1 ./train/i_530
167 -0.6963792 -0.1227909 0.6963491 -0.1227854 9.396921 3.420202 -0.000184306 1 ./train/i_531
168 -0.7544202 -0.1330251 0.6330058 -0.1116162 9.254128 3.420202 -1.63194 1 ./train/i_532
169 -0.8067195 -0.1422469 0.5648449 -0.09959761 8.830154 3.420202 -3.214109 1 ./train/i_533
170 -0.8528792 -0.1503861 0.4923852 -0.08682097 8.13788 3.420202 -4.69862 1 ./train/i_534
171 -0.892548 -0.1573808 0.4161782 -0.07338357 7.198341 3.420202 -6.040366 1 ./train/i_535
172 -0.9254239 -0.1631777 0.3368038 -0.05938768 6.040083 3.420202 -7.198578 1 ./train/i_536
173 -0.9512568 -0.1677328 0.2548661 -0.0449398 4.698301 3.420202 -8.138064 1 ./train/i_537
174 -0.96985 -0.1710113 0.1709887 -0.03014992 3.213763 3.420202 -8.83028 1 ./train/i_538
175 -0.9810621 -0.1729883 0.08581003 -0.01513057 1.631577 3.420202 -9.254192 1 ./train/i_539
150 -0.9914448 -0.1305267 -2.189178E-05 2.983702E-06 -0.0001960655 2.588192 -9.659253 1 ./train/i_540
151 -0.9876701 -0.1300298 -0.08643195 0.01137913 -1.677505 2.588192 -9.512473 1 ./train/i_541
152 -0.9763787 -0.1285432 -0.1721842 0.02266867 -3.303843 2.588192 -9.076662 1 ./train/i_542
153 -0.9576564 -0.1260784 -0.2566261 0.0337857 -4.829796 2.588192 -8.365061 1 ./train/i_543
154 -0.9316459 -0.122654 -0.3391148 0.04464559 -6.208998 2.588192 -7.399292 1 ./train/i_544
155 -0.8985448 -0.1182961 -0.4190227 0.0551657 -7.399543 2.588192 -6.208698 1 ./train/i_545
156 -0.8586054 -0.113038 -0.4957416 0.06526597 -8.365256 2.588192 -4.829457 1 ./train/i_546
157 -0.8121313 -0.1069195 -0.5686876 0.07486952 -9.076796 2.588192 -3.303475 1 ./train/i_547
158 -0.7594765 -0.09998735 -0.6373055 0.08390328 -9.512541 2.588192 -1.677119 1 ./train/i_548
159 -0.7010416 -0.09229421 -0.7010731 0.09229847 -9.659252 2.588192 0.00019593 1 ./train/i_549
160 -0.6372713 -0.08389866 -0.7595052 0.09999122 -9.512472 2.588192 1.677505 1 ./train/i_550
161 -0.5686511 -0.07486459 -0.8121569 0.106923 -9.076661 2.588192 3.303843 1 ./train/i_551
162 -0.495703 -0.06526075 -0.8586276 0.113041 -8.36506 2.588192 4.829796 1 ./train/i_552
163 -0.4189824 -0.05516024 -0.8985636 0.1182987 -7.399291 2.588192 6.208998 1 ./train/i_553
164 -0.339073 -0.04463993 -0.9316611 0.1226561 -6.208698 2.588192 7.399542 1 ./train/i_554
165 -0.2565831 -0.03377987 -0.9576679 0.1260799 -4.829457 2.588192 8.365255 1 ./train/i_555
166 -0.1721404 -0.02266274 -0.9763864 0.1285443 -3.303475 2.588192 9.076795 1 ./train/i_556
167 -0.08638763 -0.01137312 -0.9876741 0.1300303 -1.677119 2.588192 9.51254 1 ./train/i_557
168 2.261251E-05 3.053807E-06 -0.9914448 0.1305268 0.0001954122 2.588192 9.659251 1 ./train/i_558
169 0.08643267 0.0113792 -0.9876701 0.1300298 1.677504 2.588192 9.512471 1 ./train/i_559
170 0.1721849 0.02266875 -0.9763786 0.1285433 3.303842 2.588192 9.07666 1 ./train/i_560
171 0.2566268 0.03378578 -0.9576563 0.1260784 4.829795 2.588192 8.365059 1 ./train/i_561
172 0.3391155 0.04464568 -0.9316455 0.122654 6.208997 2.588192 7.39929 1 ./train/i_562
173 0.4190234 0.0551658 -0.8985445 0.1182962 7.399541 2.588192 6.208697 1 ./train/i_563
174 0.4957422 0.06526607 -0.8586049 0.113038 8.365254 2.588192 4.829456 1 ./train/i_564
175 0.5686882 0.07486963 -0.8121309 0.1069195 9.076794 2.588192 3.303474 1 ./train/i_565
176 0.6373061 0.08390338 -0.7594759 0.09998735 9.512539 2.588192 1.677119 1 ./train/i_566
177 0.7010737 0.09229857 -0.701041 0.0922942 9.65925 2.588192 -0.0001957162 1 ./train/i_567
178 0.7595057 0.09999132 -0.6372707 0.08389864 9.51247 2.588192 -1.677504 1 ./train/i_568
179 0.8121574 0.1069231 -0.5686504 0.07486456 9.076659 2.588192 -3.303842 1 ./train/i_569
180 0.858628 0.1130411 -0.4957022 0.06526072 8.365058 2.588192 -4.829794 1 ./train/i_570
181 0.898564 0.1182988 -0.4189816 0.0551602 7.399289 2.588192 -6.208996 1 ./train/i_571
182 0.9316614 0.1226561 -0.3390721 0.04463987 6.208696 2.588192 -7.39954 1 ./train/i_572
183 0.9576682 0.12608 -0.2565822 0.03377981 4.829455 2.588192 -8.365253 1 ./train/i_573
184 0.9763866 0.1285444 -0.1721395 0.02266267 3.303474 2.588192 -9.076793 1 ./train/i_574
185 0.9876741 0.1300304 -0.08638673 0.01137305 1.677118 2.588192 -9.512538 1 ./train/i_575
160 0.9961947 0.08715636 2.362071E-05 -2.100923E-06 -0.0002049164 1.736484 -9.848069 1 ./train/i_576
161 0.9924018 0.08682452 0.08684766 -0.007598274 -1.710301 1.736484 -9.69842 1 ./train/i_577
162 0.9810561 0.0858319 0.1730107 -0.01513662 -3.368431 1.736484 -9.254088 1 ./train/i_578
163 0.962244 0.08418603 0.2578571 -0.02255977 -4.924212 1.736484 -8.528576 1 ./train/i_579
164 0.9361086 0.08189946 0.340741 -0.02981122 -6.330374 1.736484 -7.543927 1 ./train/i_580
165 0.902849 0.0789896 0.4210317 -0.03683579 -7.54419 1.736484 -6.33006 1 ./train/i_581
166 0.8627179 0.07547855 0.498118 -0.04358001 -8.528781 1.736484 -4.923857 1 ./train/i_582
167 0.8160212 0.07139309 0.5714133 -0.04999258 -9.254229 1.736484 -3.368046 1 ./train/i_583
168 0.763114 0.06676427 0.6403599 -0.05602466 -9.698491 1.736484 -1.709897 1 ./train/i_584
169 0.704399 0.06162734 0.7044329 -0.06163035 -9.84807 1.736484 0.0002051001 1 ./train/i_585
170 0.6403232 0.05602139 0.7631448 -0.06676701 -9.698421 1.736484 1.710301 1 ./train/i_586
171 0.5713741 0.04998908 0.8160487 -0.07139554 -9.254089 1.736484 3.368431 1 ./train/i_587
172 0.4980765 0.04357632 0.8627419 -0.0754807 -8.528577 1.736484 4.924213 1 ./train/i_588
173 0.4209882 0.03683192 0.9028692 -0.0789914 -7.543928 1.736484 6.330375 1 ./train/i_589
174 0.340696 0.02980721 0.936125 -0.08190092 -6.330061 1.736484 7.544191 1 ./train/i_590
175 0.2578108 0.02255564 0.9622564 -0.08418714 -4.923858 1.736484 8.528782 1 ./train/i_591
176 0.1729635 0.01513242 0.9810644 -0.08583263 -3.368046 1.736484 9.25423 1 ./train/i_592
177 0.08679992 0.007594022 0.992406 -0.08682489 -1.709898 1.736484 9.698492 1 ./train/i_593
178 -2.429635E-05 -2.166722E-06 0.9961947 -0.08715636 0.0002046787 1.736484 9.848071 1 ./train/i_594
179 -0.08684833 -0.00759834 0.9924017 -0.08682452 1.710301 1.736484 9.698421 1 ./train/i_595
180 -0.1730114 -0.01513668 0.981056 -0.08583189 3.368431 1.736484 9.25409 1 ./train/i_596
181 -0.2578577 -0.02255983 0.9622438 -0.08418602 4.924213 1.736484 8.528578 1 ./train/i_597
182 -0.3407416 -0.02981128 0.9361084 -0.08189944 6.330375 1.736484 7.543929 1 ./train/i_598
183 -0.4210322 -0.03683585 0.9028486 -0.07898957 7.544192 1.736484 6.330062 1 ./train/i_599
184 -0.4981186 -0.04358007 0.8627176 -0.07547853 8.528783 1.736484 4.923859 1 ./train/i_600
185 -0.5714139 -0.04999263 0.8160208 -0.07139306 9.25423 1.736484 3.368047 1 ./train/i_601
186 -0.6403605 -0.0560247 0.7631136 -0.06676424 9.698493 1.736484 1.709898 1 ./train/i_602
187 -0.7044334 -0.0616304 0.7043985 -0.06162731 9.848072 1.736484 -0.0002048443 1 ./train/i_603
188 -0.7631453 -0.06676707 0.6403226 -0.05602136 9.698422 1.736484 -1.710302 1 ./train/i_604
189 -0.8160492 -0.07139558 0.5713734 -0.04998904 9.254091 1.736484 -3.368432 1 ./train/i_605
190 -0.8627424 -0.07548074 0.4980757 -0.04357628 8.528579 1.736484 -4.924213 1 ./train/i_606
191 -0.9028695 -0.07899144 0.4209874 -0.03683187 7.54393 1.736484 -6.330376 1 ./train/i_607
192 -0.9361253 -0.08190096 0.3406951 -0.02980716 6.330062 1.736484 -7.544193 1 ./train/i_608
193 -0.9622567 -0.08418717 0.2578099 -0.02255559 4.923859 1.736484 -8.528783 1 ./train/i_609
194 -0.9810646 -0.08583266 0.1729626 -0.01513236 3.368047 1.736484 -9.25423 1 ./train/i_610
195 -0.992406 -0.08682492 0.086799 -0.007593963 1.709898 1.736484 -9.698493 1 ./train/i_611
170 -0.9990482 -0.04362001 -2.530085E-05 1.125653E-06 -0.0002106483 0.8715599 -9.961942 1 ./train/i_612
171 -0.9952443 -0.04345392 -0.08709803 0.003802857 -1.73008 0.8715599 -9.810561 1 ./train/i_613
172 -0.983866 -0.04295713 -0.1735079 0.007575647 -3.407383 0.8715599 -9.361092 1 ./train/i_614
173 -0.9649999 -0.0421334 -0.2585973 0.01129078 -4.981153 0.8715599 -8.62719 1 ./train/i_615
174 -0.9387895 -0.04098901 -0.3417185 0.01491999 -6.403574 0.8715599 -7.631155 1 ./train/i_616
175 -0.9054344 -0.03953267 -0.4222391 0.01843564 -7.631426 0.8715599 -6.403252 1 ./train/i_617
176 -0.8651884 -0.03777546 -0.4995462 0.02181099 -8.6274 0.8715599 -4.980789 1 ./train/i_618
177 -0.8183577 -0.03573076 -0.5730515 0.02502034 -9.361236 0.8715599 -3.406987 1 ./train/i_619
178 -0.7652989 -0.03341413 -0.6421954 0.02803927 -9.810635 0.8715599 -1.729666 1 ./train/i_620
179 -0.7064157 -0.03084319 -0.7064519 0.03084481 -9.961943 0.8715599 0.0002107034 1 ./train/i_621
180 -0.6421562 -0.02803752 -0.7653318 0.0334156 -9.810562 0.8715599 1.730081 1 ./train/i_622
181 -0.5730095 -0.02501847 -0.8183871 0.03573208 -9.361093 0.8715599 3.407383 1 ./train/i_623
182 -0.4995019 -0.02180901 -0.865214 0.03777661 -8.627191 0.8715599 4.981154 1 ./train/i_624
183 -0.4221928 -0.01843357 -0.9054561 0.03953364 -7.631156 0.8715599 6.403575 1 ./train/i_625
184 -0.3416705 -0.01491784 -0.938807 0.04098979 -6.403253 0.8715599 7.631427 1 ./train/i_626
185 -0.2585478 -0.01128857 -0.9650131 0.04213399 -4.98079 0.8715599 8.627401 1 ./train/i_627
186 -0.1734575 -0.007573395 -0.9838749 0.04295752 -3.406988 0.8715599 9.361237 1 ./train/i_628
187 -0.08704707 -0.003800579 -0.9952487 0.04345412 -1.729666 0.8715599 9.810636 1 ./train/i_629
188 2.584607E-05 1.161359E-06 -0.9990482 0.04362001 0.000210282 0.8715599 9.961944 1 ./train/i_630
189 0.08709858 0.003802893 -0.9952443 0.04345392 1.73008 0.8715599 9.810563 1 ./train/i_631
190 0.1735084 0.007575681 -0.9838659 0.04295712 3.407383 0.8715599 9.361094 1 ./train/i_632
191 0.2585978 0.01129081 -0.9649998 0.04213339 4.981154 0.8715599 8.627192 1 ./train/i_633
192 0.341719 0.01492002 -0.9387894 0.040989 6.403575 0.8715599 7.631157 1 ./train/i_634
193 0.4222396 0.01843567 -0.9054342 0.03953266 7.631427 0.8715599 6.403253 1 ./train/i_635
194 0.4995466 0.02181102 -0.8651881 0.03777545 8.627402 0.8715599 4.98079 1 ./train/i_636
195 0.5730519 0.02502037 -0.8183574 0.03573075 9.361238 0.8715599 3.406988 1 ./train/i_637
196 0.6421958 0.0280393 -0.7652985 0.03341411 9.810637 0.8715599 1.729666 1 ./train/i_638
197 0.7064523 0.03084484 -0.7064152 0.03084317 9.961945 0.8715599 -0.0002106824 1 ./train/i_639
198 0.7653322 0.03341562 -0.6421557 0.0280375 9.810564 0.8715599 -1.730081 1 ./train/i_640
199 0.8183875 0.0357321 -0.573009 0.02501844 9.361094 0.8715599 -3.407384 1 ./train/i_641
200 0.8652143 0.03777663 -0.4995013 0.02180898 8.627192 0.8715599 -4.981155 1 ./train/i_642
201 0.9054564 0.03953365 -0.4221921 0.01843354 7.631157 0.8715599 -6.403576 1 ./train/i_643
202 0.9388073 0.0409898 -0.3416698 0.01491781 6.403254 0.8715599 -7.631428 1 ./train/i_644
203 0.9650133 0.042134 -0.2585471 0.01128854 4.98079 0.8715599 -8.627403 1 ./train/i_645
204 0.983875 0.04295753 -0.1734568 0.007573363 3.406988 0.8715599 -9.361238 1 ./train/i_646
205 0.9952489 0.04345412 -0.08704634 0.003800548 1.729666 0.8715599 -9.810637 1 ./train/i_647
180 1 5.960464E-07 2.661783E-05 -3.153457E-08 -0.0002128114 2.455163E-06 -9.999999 1 ./train/i_648
181 0.9961924 5.910298E-07 0.0871823 -8.336345E-08 -1.736691 2.455163E-06 -9.84804 1 ./train/i_649
182 0.9848031 5.815152E-07 0.1736745 -1.345579E-07 -3.420401 2.455163E-06 -9.396852 1 ./train/i_650
183 0.9659189 5.675748E-07 0.2588449 -1.847283E-07 -5.000184 2.455163E-06 -8.660147 1 ./train/i_651
184 0.9396835 5.493149E-07 0.3420453 -2.334928E-07 -6.428039 2.455163E-06 -7.660307 1 ./train/i_652
185 0.9062965 5.268744E-07 0.4226426 -2.804802E-07 -7.660581 2.455163E-06 -6.427712 1 ./train/i_653
186 0.866012 5.00424E-07 0.5000233 -3.25333E-07 -8.660359 2.455163E-06 -4.999815 1 ./train/i_654
187 0.8191366 4.701651E-07 0.5735985 -3.677099E-07 -9.396997 2.455163E-06 -3.420001 1 ./train/i_655
188 0.7660272 4.363279E-07 0.6428083 -4.072883E-07 -9.848113 2.455163E-06 -1.736272 1 ./train/i_656
189 0.7070878 3.9917E-07 0.7071259 -4.437669E-07 -9.999998 2.455163E-06 0.0002127922 1 ./train/i_657
190 0.642767 3.589742E-07 0.7660618 -4.768683E-07 -9.848039 2.455163E-06 1.736691 1 ./train/i_658
191 0.5735543 3.160464E-07 0.8191676 -5.063403E-07 -9.396852 2.455163E-06 3.420401 1 ./train/i_659
192 0.4999765 2.707132E-07 0.866039 -5.319588E-07 -8.660146 2.455163E-06 5.000183 1 ./train/i_660
193 0.4225937 2.233198E-07 0.9063193 -5.535288E-07 -7.660306 2.455163E-06 6.428038 1 ./train/i_661
194 0.3419946 1.742268E-07 0.9397019 -5.70886E-07 -6.427711 2.455163E-06 7.66058 1 ./train/i_662
195 0.2587927 1.238078E-07 0.9659329 -5.838984E-07 -4.999815 2.455163E-06 8.660358 1 ./train/i_663
196 0.1736213 7.24465E-08 0.9848125 -5.924671E-07 -3.420001 2.455163E-06 9.396996 1 ./train/i_664
197 0.08712848 2.053388E-08 0.9961971 -5.965267E-07 -1.736272 2.455163E-06 9.848112 1 ./train/i_665
198 -2.741069E-05 -3.153501E-08 1 -5.960464E-07 0.0002128614 2.455163E-06 9.999997 1 ./train/i_666
199 -0.08718309 -8.336389E-08 0.9961923 -5.910298E-07 1.736691 2.455163E-06 9.848038 1 ./train/i_667
200 -0.1736753 -1.345583E-07 0.984803 -5.815151E-07 3.4204 2.455163E-06 9.396851 1 ./train/i_668
201 -0.2588457 -1.847287E-07 0.9659187 -5.675747E-07 5.000183 2.455163E-06 8.660145 1 ./train/i_669
202 -0.3420461 -2.334932E-07 0.9396832 -5.493148E-07 6.428037 2.455163E-06 7.660305 1 ./train/i_670
203 -0.4226433 -2.804806E-07 0.9062961 -5.268742E-07 7.660579 2.455163E-06 6.427711 1 ./train/i_671
204 -0.500024 -3.253334E-07 0.8660116 -5.004238E-07 8.660357 2.455163E-06 4.999814 1 ./train/i_672
205 -0.5735992 -3.677103E-07 0.8191361 -4.701648E-07 9.396996 2.455163E-06 3.42 1 ./train/i_673
206 -0.6428089 -4.072886E-07 0.7660266 -4.363276E-07 9.848111 2.455163E-06 1.736272 1 ./train/i_674
207 -0.7071265 -4.437672E-07 0.7070871 -3.991697E-07 9.999996 2.455163E-06 -0.0002128132 1 ./train/i_675
208 -0.7660624 -4.768685E-07 0.6427663 -3.589738E-07 9.848037 2.455163E-06 -1.736691 1 ./train/i_676
209 -0.8191681 -5.063405E-07 0.5735536 -3.16046E-07 9.39685 2.455163E-06 -3.4204 1 ./train/i_677
210 -0.8660394 -5.31959E-07 0.4999758 -2.707128E-07 8.660144 2.455163E-06 -5.000183 1 ./train/i_678
211 -0.9063196 -5.535289E-07 0.4225929 -2.233193E-07 7.660304 2.455163E-06 -6.428037 1 ./train/i_679
212 -0.9397022 -5.708862E-07 0.3419938 -1.742263E-07 6.42771 2.455163E-06 -7.660578 1 ./train/i_680
213 -0.9659331 -5.838986E-07 0.2587919 -1.238073E-07 4.999813 2.455163E-06 -8.660357 1 ./train/i_681
214 -0.9848126 -5.924672E-07 0.1736205 -7.244601E-08 3.42 2.455163E-06 -9.396995 1 ./train/i_682
215 -0.9961972 -5.965268E-07 0.08712768 -2.053338E-08 1.736271 2.455163E-06 -9.84811 1 ./train/i_683
190 -0.9990483 0.04361881 -2.818988E-05 -1.199231E-06 -0.0002110248 -0.8715547 -9.961943 1 ./train/i_684
191 -0.9952441 0.04345272 -0.08710092 -0.003802826 -1.730081 -0.8715547 -9.810562 1 ./train/i_685
192 -0.9838656 0.04295593 -0.1735107 -0.007575511 -3.407383 -0.8715547 -9.361093 1 ./train/i_686
193 -0.9649992 0.04213222 -0.2586001 -0.01129054 -4.981154 -0.8715547 -8.627191 1 ./train/i_687
194 -0.9387885 0.04098786 -0.3417213 -0.01491964 -6.403575 -0.8715547 -7.631156 1 ./train/i_688
195 -0.9054332 0.03953156 -0.4222418 -0.0184352 -7.631427 -0.8715547 -6.403252 1 ./train/i_689
196 -0.8651869 0.03777439 -0.4995487 -0.02181045 -8.627401 -0.8715547 -4.980789 1 ./train/i_690
197 -0.8183561 0.03572974 -0.5730538 -0.02501971 -9.361237 -0.8715547 -3.406987 1 ./train/i_691
198 -0.7652971 0.03341316 -0.6421977 -0.02803856 -9.810636 -0.8715547 -1.729666 1 ./train/i_692
199 -0.7064136 0.03084229 -0.706454 -0.03084402 -9.961944 -0.8715547 0.0002107516 1 ./train/i_693
200 -0.6421539 0.02803669 -0.7653338 -0.03341473 -9.810563 -0.8715547 1.730081 1 ./train/i_694
201 -0.573007 0.02501772 -0.8183889 -0.03573114 -9.361094 -0.8715547 3.407383 1 ./train/i_695
202 -0.4994992 0.02180834 -0.8652155 -0.03777561 -8.627192 -0.8715547 4.981154 1 ./train/i_696
203 -0.42219 0.018433 -0.9054574 -0.03953259 -7.631157 -0.8715547 6.403575 1 ./train/i_697
204 -0.3416675 0.01491736 -0.9388081 -0.04098869 -6.403253 -0.8715547 7.631427 1 ./train/i_698
205 -0.2585448 0.01128819 -0.965014 -0.04213285 -4.98079 -0.8715547 8.627402 1 ./train/i_699
206 -0.1734544 0.007573114 -0.9838755 -0.04295636 -3.406988 -0.8715547 9.361238 1 ./train/i_700
207 -0.08704396 0.003800401 -0.9952491 -0.04345293 -1.729666 -0.8715547 9.810637 1 ./train/i_701
208 2.898276E-05 -1.234934E-06 -0.9990483 -0.04361881 0.0002106824 -0.8715547 9.961945 1 ./train/i_702
209 0.08710171 -0.003802862 -0.9952441 -0.04345272 1.730081 -0.8715547 9.810564 1 ./train/i_703
210 0.1735115 -0.007575545 -0.9838654 -0.04295592 3.407384 -0.8715547 9.361094 1 ./train/i_704
211 0.2586008 -0.01129058 -0.964999 -0.04213221 4.981155 -0.8715547 8.627192 1 ./train/i_705
212 0.341722 -0.01491968 -0.9387883 -0.04098784 6.403576 -0.8715547 7.631157 1 ./train/i_706
213 0.4222425 -0.01843523 -0.9054329 -0.03953154 7.631428 -0.8715547 6.403254 1 ./train/i_707
214 0.4995494 -0.02181048 -0.8651866 -0.03777437 8.627403 -0.8715547 4.98079 1 ./train/i_708
215 0.5730546 -0.02501974 -0.8183556 -0.03572971 9.361238 -0.8715547 3.406988 1 ./train/i_709
216 0.6421983 -0.02803858 -0.7652965 -0.03341314 9.810637 -0.8715547 1.729666 1 ./train/i_710
217 0.7064546 -0.03084403 -0.706413 -0.03084227 9.961946 -0.8715547 -0.0002107306 1 ./train/i_711
218 0.7653342 -0.03341474 -0.6421533 -0.02803667 9.810565 -0.8715547 -1.730081 1 ./train/i_712
219 0.8183894 -0.03573114 -0.5730064 -0.02501769 9.361095 -0.8715547 -3.407384 1 ./train/i_713
220 0.865216 -0.03777561 -0.4994985 -0.02180832 8.627193 -0.8715547 -4.981155 1 ./train/i_714
221 0.9054577 -0.03953258 -0.4221892 -0.01843297 7.631158 -0.8715547 -6.403577 1 ./train/i_715
222 0.9388084 -0.04098869 -0.3416668 -0.01491733 6.403255 -0.8715547 -7.631429 1 ./train/i_716
223 0.9650142 -0.04213284 -0.2585441 -0.01128817 4.980791 -0.8715547 -8.627403 1 ./train/i_717
224 0.9838756 -0.04295634 -0.1734537 -0.007573089 3.406989 -0.8715547 -9.361238 1 ./train/i_718
225 0.9952492 -0.04345292 -0.08704317 -0.003800377 1.729667 -0.8715547 -9.810637 1 ./train/i_719
200 0.9961947 -0.08715517 2.968187E-05 2.555122E-06 -0.0002030786 -1.736479 -9.848076 1 ./train/i_720
201 0.9924014 -0.08682329 0.0868537 0.007598623 -1.7103 -1.736479 -9.698426 1 ./train/i_721
202 0.9810551 -0.08583064 0.1730167 0.01513686 -3.368431 -1.736479 -9.254095 1 ./train/i_722
203 0.9622425 -0.08418476 0.257863 0.0225599 -4.924214 -1.736479 -8.528583 1 ./train/i_723
204 0.9361067 -0.08189818 0.3407467 0.02981124 -6.330377 -1.736479 -7.543933 1 ./train/i_724
205 0.9028465 -0.07898831 0.4210372 0.0368357 -7.544194 -1.736479 -6.330066 1 ./train/i_725
206 0.862715 -0.0754773 0.4981233 0.04357981 -8.528786 -1.736479 -4.923862 1 ./train/i_726
207 0.8160178 -0.07139186 0.5714183 0.04999226 -9.254234 -1.736479 -3.368049 1 ./train/i_727
208 0.7631102 -0.06676307 0.6403646 0.05602424 -9.698498 -1.736479 -1.7099 1 ./train/i_728
209 0.7043948 -0.06162618 0.7044373 0.06162984 -9.848077 -1.736479 0.0002034418 1 ./train/i_729
210 0.6403186 -0.05602029 0.7631488 0.0667664 -9.698427 -1.736479 1.710301 1 ./train/i_730
211 0.5713692 -0.04998803 0.8160523 0.07139482 -9.254096 -1.736479 3.368432 1 ./train/i_731
212 0.4980713 -0.04357534 0.862745 0.07547989 -8.528584 -1.736479 4.924215 1 ./train/i_732
213 0.4209828 -0.03683101 0.9028718 0.0789905 -7.543934 -1.736479 6.330378 1 ./train/i_733
214 0.3406903 -0.02980638 0.9361272 0.08189996 -6.330066 -1.736479 7.544196 1 ./train/i_734
215 0.257805 -0.0225549 0.9622581 0.0841861 -4.923862 -1.736479 8.528787 1 ./train/i_735
216 0.1729576 -0.01513177 0.9810656 0.08583154 -3.36805 -1.736479 9.254235 1 ./train/i_736
217 0.08679389 -0.007593472 0.9924066 0.08682374 -1.7099 -1.736479 9.698499 1 ./train/i_737
218 -3.036112E-05 2.614223E-06 0.9961948 0.08715516 0.0002036074 -1.736479 9.848078 1 ./train/i_738
219 -0.08685438 0.00759868 0.9924013 0.08682328 1.710301 -1.736479 9.698428 1 ./train/i_739
220 -0.1730174 0.01513692 0.981055 0.08583062 3.368432 -1.736479 9.254097 1 ./train/i_740
221 -0.2578636 0.02255995 0.9622424 0.08418474 4.924215 -1.736479 8.528584 1 ./train/i_741
222 -0.3407474 0.02981129 0.9361064 0.08189816 6.330379 -1.736479 7.543935 1 ./train/i_742
223 -0.4210378 0.03683574 0.9028462 0.07898828 7.544197 -1.736479 6.330067 1 ./train/i_743
224 -0.4981239 0.04357986 0.8627146 0.07547726 8.528788 -1.736479 4.923863 1 ./train/i_744
225 -0.5714189 0.04999231 0.8160174 0.07139181 9.254236 -1.736479 3.36805 1 ./train/i_745
226 -0.6403651 0.05602428 0.7631098 0.06676302 9.6985 -1.736479 1.709901 1 ./train/i_746
227 -0.7044378 0.06162988 0.7043944 0.06162613 9.848079 -1.736479 -0.000203186 1 ./train/i_747
228 -0.7631492 0.06676643 0.6403182 0.05602022 9.698429 -1.736479 -1.710301 1 ./train/i_748
229 -0.8160526 0.07139485 0.5713687 0.04998797 9.254098 -1.736479 -3.368432 1 ./train/i_749
230 -0.8627453 0.07547991 0.4980708 0.04357527 8.528585 -1.736479 -4.924215 1 ./train/i_750
231 -0.9028721 0.07899052 0.4209822 0.03683094 7.543936 -1.736479 -6.330379 1 ./train/i_751
232 -0.9361274 0.08189996 0.3406897 0.02980631 6.330068 -1.736479 -7.544197 1 ./train/i_752
233 -0.9622582 0.0841861 0.2578044 0.02255483 4.923864 -1.736479 -8.528789 1 ./train/i_753
234 -0.9810657 0.08583153 0.172957 0.0151317 3.368051 -1.736479 -9.254237 1 ./train/i_754
235 -0.9924067 0.08682372 0.08679332 0.007593403 1.709902 -1.736479 -9.698501 1 ./train/i_755
210 -0.9914449 0.1305256 -3.078837E-05 -4.029015E-06 -0.0001909623 -2.588188 -9.659261 1 ./train/i_756
211 -0.9876695 0.1300286 -0.08644083 -0.01138007 -1.677501 -2.588188 -9.512482 1 ./train/i_757
212 -0.9763773 0.1285419 -0.172193 -0.02266951 -3.303841 -2.588188 -9.076671 1 ./train/i_758
213 -0.9576543 0.126077 -0.2566347 -0.03378642 -4.829796 -2.588188 -8.365069 1 ./train/i_759
214 -0.9316429 0.1226526 -0.3391232 -0.04464619 -6.209 -2.588188 -7.3993 1 ./train/i_760
215 -0.8985412 0.1182947 -0.4190308 -0.05516618 -7.399546 -2.588188 -6.208707 1 ./train/i_761
216 -0.858601 0.1130365 -0.4957493 -0.06526632 -8.365261 -2.588188 -4.829465 1 ./train/i_762
217 -0.8121263 0.106918 -0.5686949 -0.07486974 -9.076801 -2.588188 -3.303482 1 ./train/i_763
218 -0.7594709 0.09998579 -0.6373124 -0.08390336 -9.512547 -2.588188 -1.677125 1 ./train/i_764
219 -0.7010354 0.09229265 -0.7010794 -0.09229843 -9.65926 -2.588188 0.0001911019 1 ./train/i_765
220 -0.6372647 0.08389711 -0.7595109 -0.09999105 -9.512481 -2.588188 1.677501 1 ./train/i_766
221 -0.5686439 0.07486305 -0.812162 -0.1069227